node,degree,in_degree,out_degree,node_subreddits
83dnejb,0,0,0,['Autism_Parenting']
Dude1011011,0,0,0,['Autism_Parenting']
Fantastic_Skill_1748,4,3,1,['Autism_Parenting']
KrispyPotato25,0,0,0,['Autism_Parenting']
Busy-Birthday1674,7,4,3,['Autism_Parenting']
opiet11,10,10,0,['Autism_Parenting']
Additional-Ad4218,3,3,0,['Autism_Parenting']
Substantial_Shift566,10,5,5,['Autism_Parenting']
Legal_Beautiful3542,2,0,2,['Autism_Parenting']
throwaway_12131415,13,4,9,['Autism_Parenting']
-Duste-,11,10,1,['Autism_Parenting']
Inevitable_Low_8354,6,4,2,['Autism_Parenting']
Nearby_Age_2075,2,2,0,['Autism_Parenting']
Horror-Window-323,19,18,1,['Autism_Parenting']
vilebubbles,97,89,8,['Autism_Parenting']
seeettooth2327,2,2,0,['Autism_Parenting']
PlasticBench3916,15,15,0,['Autism_Parenting']
Acrobatic-Apple2028,4,4,0,['Autism_Parenting']
zoonautical,2,1,1,['Autism_Parenting']
Familiar_Raccoon3419,4,1,3,['Autism_Parenting']
sharkmummum,13,9,4,['Autism_Parenting']
Critical-Positive-85,47,24,23,['Autism_Parenting']
mystical-orphan1,0,0,0,['Autism_Parenting']
goosh2,30,30,0,['Autism_Parenting']
Rare_Collar8734,13,12,1,['Autism_Parenting']
Spirited-Low-9321,1,1,0,['Autism_Parenting']
ellsie_19238,3,1,2,['Autism_Parenting']
Big-Speed-1240,1,1,0,['Autism_Parenting']
AnonymousDemiX,6,3,3,['Autism_Parenting']
Drakehickman1316,35,35,0,['Autism_Parenting']
ladysmithgirl,11,9,2,['Autism_Parenting']
myautistickid,3,2,1,['Autism_Parenting']
Fun-Investigator-583,4,4,0,['Autism_Parenting']
Scrappie1188,3,3,0,['Autism_Parenting']
WorkNatural9980,3,3,0,['Autism_Parenting']
cristydoll,57,55,2,['Autism_Parenting']
ratherbeona_beach,10,8,2,['Autism_Parenting']
I-Got-Standards915,2,1,1,['Autism_Parenting']
APersonFromHere,9,2,7,['Autism_Parenting']
Deebeee33,1,1,0,['Autism_Parenting']
prettyxhustle,1,1,0,['Autism_Parenting']
very_cromulent,14,10,4,['Autism_Parenting']
elainebee,2,2,0,['Autism_Parenting']
ArkansasOzark,8,8,0,['Autism_Parenting']
Past-Consequence-534,8,8,0,['Autism_Parenting']
Tchn0n,3,2,1,['Autism_Parenting']
Moncological,58,57,1,['Autism_Parenting']
Sensitive_Clerk2781,16,15,1,['Autism_Parenting']
AlabamaHossCat,3,3,0,['Autism_Parenting']
Particular_Wish9452,20,18,2,['Autism_Parenting']
Ladygoingup,10,8,2,['Autism_Parenting']
SereneCyborg,3,2,1,['Autism_Parenting']
Simple-Palpitation45,64,60,4,['Autism_Parenting']
lamart140,22,21,1,['Autism_Parenting']
navycanoes,2,2,0,['Autism_Parenting']
ElsaLC_Millenialmom,48,48,0,['Autism_Parenting']
Ok-Employee6355,3,1,2,['Autism_Parenting']
Right_Storage_1891,2,2,0,['Autism_Parenting']
Drippnhoneyy,19,19,0,['Autism_Parenting']
Radiant_Restaurant64,11,10,1,['Autism_Parenting']
birdharmony,8,1,7,['Autism_Parenting']
pantherfanalex,1,1,0,['Autism_Parenting']
curiouskrit,1,0,1,['Autism_Parenting']
littlejuice1995,4,4,0,['Autism_Parenting']
OkPomegranate8233,1,1,0,['Autism_Parenting']
Humble_Arugula_3603,199,199,0,['Autism_Parenting']
Jon187,4,4,0,['Autism_Parenting']
thdudie,0,0,0,['Autism_Parenting']
katrina105,4,4,0,['Autism_Parenting']
YOKi_Tran,0,0,0,['Autism_Parenting']
Successful-Escape-83,7,7,0,['Autism_Parenting']
Yomommazelda,1,1,0,['Autism_Parenting']
traceyjanie21,3,3,0,['Autism_Parenting']
untitledbydangelo,3,1,2,['Autism_Parenting']
darlee1234,9,2,7,['Autism_Parenting']
Opening-Thanks3937,2,2,0,['Autism_Parenting']
marshmallow-boy,1,1,0,['Autism_Parenting']
SQTim,4,4,0,['Autism_Parenting']
Tiny_Instance_9047,12,11,1,['Autism_Parenting']
kimuracarter,19,16,3,['Autism_Parenting']
No-Individual-7299,1,0,1,['Autism_Parenting']
ChaoticWitchyKarma,2,2,0,['Autism_Parenting']
vanessarios1,16,16,0,['Autism_Parenting']
Ok_Pear_007,32,32,0,['Autism_Parenting']
Own_Lychee5247,3,3,0,['Autism_Parenting']
IndividualRub5481,6,6,0,['Autism_Parenting']
Right_Performance553,54,34,20,['Autism_Parenting']
IndustrySufficient52,12,10,2,['Autism_Parenting']
Excellent-Fix7694,31,29,2,['Autism_Parenting']
lovesickburger,6,2,4,['Autism_Parenting']
PossibleOk7701,1,1,0,['Autism_Parenting']
Competitive_Coast_22,4,1,3,['Autism_Parenting']
Cassiopeia222,2,1,1,['Autism_Parenting']
PumpkinGhoul1,1,0,1,['Autism_Parenting']
greekhoney32,12,8,4,['Autism_Parenting']
Ecstatic-Detail-3137,24,19,5,['Autism_Parenting']
fearwanheda92,19,2,17,['Autism_Parenting']
Striking-Papaya4672,3,3,0,['Autism_Parenting']
Shred_Nova,1,1,0,['Autism_Parenting']
taviyiya,50,46,4,['Autism_Parenting']
MammothImplement527,5,4,1,['Autism_Parenting']
Hot_Caregiver_5340,10,10,0,['Autism_Parenting']
battummy_mummy,2,2,0,['Autism_Parenting']
Turd_nugget88,0,0,0,['Autism_Parenting']
ava6362,8,8,0,['Autism_Parenting']
sleepy_monkey1013,16,16,0,['Autism_Parenting']
Waste-Ad6787,3,3,0,['Autism_Parenting']
Kamms901,11,11,0,['Autism_Parenting']
phenom487,10,10,0,['Autism_Parenting']
romperstomper-92,14,14,0,['Autism_Parenting']
aks_nak,7,7,0,['Autism_Parenting']
PNW_Express,6,1,5,['Autism_Parenting']
Objective-Vanilla-39,120,120,0,['Autism_Parenting']
Delicmess,4,3,1,['Autism_Parenting']
iybhsp,19,19,0,['Autism_Parenting']
asq1616,148,147,1,['Autism_Parenting']
Built2bellow,2,2,0,['Autism_Parenting']
Individual_Help_1324,4,4,0,['Autism_Parenting']
jacobissimus,3,2,1,['Autism_Parenting']
Arrisha,50,48,2,['Autism_Parenting']
Scared_Friendship_50,11,11,0,['Autism_Parenting']
kentheriot,2,2,0,['Autism_Parenting']
mamabear1207,13,12,1,['Autism_Parenting']
AcanthaceaeReal8816,9,9,0,['Autism_Parenting']
DogtownPD,1,1,0,['Autism_Parenting']
November0636,3,3,0,['Autism_Parenting']
nataliabreyer609,17,2,15,['Autism_Parenting']
Salt-Blackberry-3545,2,2,0,['Autism_Parenting']
beathemom,2,2,0,['Autism_Parenting']
Illustrious_Fill3933,1,1,0,['Autism_Parenting']
baboonk78,6,6,0,['Autism_Parenting']
Downtown-Sandwich513,8,8,0,['Autism_Parenting']
Josie_laynee,107,107,0,['Autism_Parenting']
Burgundywine,20,19,1,['Autism_Parenting']
Coolcellochick,29,29,0,['Autism_Parenting']
mommymangoz,13,13,0,['Autism_Parenting']
adrianhe82,1,1,0,['Autism_Parenting']
xxmodestartxx,7,6,1,['Autism_Parenting']
Fantasie_Welt,8,8,0,['Autism_Parenting']
Altruistic-Ad9281,7,7,0,['Autism_Parenting']
strawberrymilfshake7,24,23,1,['Autism_Parenting']
autistic_momma,4,4,0,['Autism_Parenting']
NA_Frozenko,0,0,0,['Autism_Parenting']
No_Ad_7446,7,6,1,['Autism_Parenting']
TrainingIcy1683,3,3,0,['Autism_Parenting']
monstermoma,31,31,0,['Autism_Parenting']
Tasty_Ad_1791,13,3,10,['Autism_Parenting']
CSWorldChamp,53,50,3,['Autism_Parenting']
Significant-Time9156,10,4,6,['Autism_Parenting']
Butterflysly11,28,28,0,['Autism_Parenting']
New-Day8202,6,6,0,['Autism_Parenting']
hscott2016,1,1,0,['Autism_Parenting']
Character_Cow_8698,2,2,0,['Autism_Parenting']
ImCute2Cute,4,4,0,['Autism_Parenting']
Expert_Question3912,0,0,0,['Autism_Parenting']
Ill_Nature_5273,85,73,12,['Autism_Parenting']
Gracefully21,16,11,5,['Autism_Parenting']
AhmedY94,3,3,0,['Autism_Parenting']
Mango_Starburst,43,42,1,['Autism_Parenting']
ServerSideGenerated,2,2,0,['Autism_Parenting']
PolicyFrosty7315,68,68,0,['Autism_Parenting']
CanarySilent5304,2,2,0,['Autism_Parenting']
richility,4,4,0,['Autism_Parenting']
Excellent_Earth_9033,4,3,1,['Autism_Parenting']
ws8589,1,0,1,['Autism_Parenting']
Uninvited_Apparition,147,133,14,['Autism_Parenting']
Broad_Weather_2519,0,0,0,['Autism_Parenting']
Charming-Job-9964,2,2,0,['Autism_Parenting']
ConfidentNoise4932,68,68,0,['Autism_Parenting']
Intelligent-Fill-664,19,19,0,['Autism_Parenting']
Even-Platform609,12,12,0,['Autism_Parenting']
Tea-Fanatic-6000,6,6,0,['Autism_Parenting']
arogers35,2,2,0,['Autism_Parenting']
collisionblue,6,6,0,['Autism_Parenting']
kiddbrizzie,1,1,0,['Autism_Parenting']
MySuperHeros,38,36,2,['Autism_Parenting']
Epiccipe26,6,2,4,['Autism_Parenting']
Nat-pie,10,10,0,['Autism_Parenting']
Mother_Pilot_660,3,1,2,['Autism_Parenting']
Low-One-6423,3,3,0,['Autism_Parenting']
MolassesPowerful586,5,5,0,['Autism_Parenting']
tub0bubbles,6,2,4,['Autism_Parenting']
Chelseasterling,2,2,0,['Autism_Parenting']
appreciatin,1,1,0,['Autism_Parenting']
Standardguy11,1,1,0,['Autism_Parenting']
Roses7887,4,1,3,['Autism_Parenting']
shiba-usum,8,8,0,['Autism_Parenting']
Reasonable-Water-557,7,6,1,['Autism_Parenting']
FuckingFuckme9898,12,7,5,['Autism_Parenting']
Deep_Struggle3737,13,13,0,['Autism_Parenting']
Remarkable-Dig-1545,4,3,1,['Autism_Parenting']
dragonmuse,7,2,5,['Autism_Parenting']
Kezhen,4,4,0,['Autism_Parenting']
AccomplishedLemon402,1,1,0,['Autism_Parenting']
MrsSonofHen,2,2,0,['Autism_Parenting']
Toucaster,1,1,0,['Autism_Parenting']
Due_Earth5516,1,1,0,['Autism_Parenting']
PNWmom2,50,50,0,['Autism_Parenting']
Correct_Calendar6981,37,37,0,['Autism_Parenting']
Positive_Motor5644,19,1,18,['Autism_Parenting']
winnedixie,45,45,0,['Autism_Parenting']
OkFish4846,5,0,5,['Autism_Parenting']
Outside_Pen_6262,1,1,0,['Autism_Parenting']
Expensive_Top2013,2,2,0,['Autism_Parenting']
rataronincheese,27,27,0,['Autism_Parenting']
YogiGuacomole,8,1,7,['Autism_Parenting']
One_Wind_7893,6,6,0,['Autism_Parenting']
Proper-Interest,7,5,2,['Autism_Parenting']
Delicious_Fruit9011,1,1,0,['Autism_Parenting']
Individual-Raccoon30,32,32,0,['Autism_Parenting']
RatsOnCocaine69,37,35,2,['Autism_Parenting']
SadCranberry7010,2,2,0,['Autism_Parenting']
roxyh179,3,3,0,['Autism_Parenting']
AdBusy5424,39,38,1,['Autism_Parenting']
Illustrious-Dig-7388,0,0,0,['Autism_Parenting']
TheImpresario,6,6,0,['Autism_Parenting']
Mgk_Girl2289,27,27,0,['Autism_Parenting']
Jealous_Tangelo_951,1,1,0,['Autism_Parenting']
_RipVanStinkle,10,4,6,['Autism_Parenting']
Creamcheese_Wonton86,2,1,1,['Autism_Parenting']
Academic_Ninja_2193,5,3,2,['Autism_Parenting']
Emotional-Use-3163,21,21,0,['Autism_Parenting']
Electronic_Shower783,4,4,0,['Autism_Parenting']
SirGumbeaux,3,2,1,['Autism_Parenting']
feistymummy,8,3,5,['Autism_Parenting']
second_I88,8,8,0,['Autism_Parenting']
Miserable-Rice5733,15,14,1,['Autism_Parenting']
NoHelicopter5740,6,5,1,['Autism_Parenting']
BigLongjumping3714,24,24,0,['Autism_Parenting']
Responsible-Guard400,0,0,0,['Autism_Parenting']
RequirementCheap3699,2,1,1,['Autism_Parenting']
pran1ngn1ng,2,2,0,['Autism_Parenting']
Responsible_Low_5811,2,2,0,['Autism_Parenting']
Mission-Musician-377,1,0,1,['Autism_Parenting']
Downtown-Candy1445,1,1,0,['Autism_Parenting']
Ok-Caramel-113,26,25,1,['Autism_Parenting']
Dexaludado,2,2,0,['Autism_Parenting']
maddymads99,17,17,0,['Autism_Parenting']
Lavender_faded,0,0,0,['Autism_Parenting']
annizka,7,7,0,['Autism_Parenting']
DisasterMiserable499,5,2,3,['Autism_Parenting']
MichaLea88,4,3,1,['Autism_Parenting']
spookymama_14,28,28,0,['Autism_Parenting']
lurking3399,2,1,1,['Autism_Parenting']
cv1347,12,10,2,['Autism_Parenting']
Cheese__Samich,3,2,1,['Autism_Parenting']
Professional-Pop6738,13,13,0,['Autism_Parenting']
GoodConcern,2,2,0,['Autism_Parenting']
Fromdesertlands,27,20,7,['Autism_Parenting']
cy_berd,11,11,0,['Autism_Parenting']
Comfortable-Leg-2836,10,9,1,['Autism_Parenting']
BanglesAU,4,1,3,['Autism_Parenting']
Kimakashi95,105,105,0,['Autism_Parenting']
lexiebex,5,4,1,['Autism_Parenting']
No-Fix2372,5,4,1,['Autism_Parenting']
Livid_Contract320,3,3,0,['Autism_Parenting']
Illustrious_Bug_5985,5,5,0,['Autism_Parenting']
TasterOfPork,1,1,0,['Autism_Parenting']
FitOutside6563,13,13,0,['Autism_Parenting']
CherryChupas,1,1,0,['Autism_Parenting']
throwaway345789642,3,3,0,['Autism_Parenting']
Glass_Negotiation101,2,1,1,['Autism_Parenting']
honeysweetheartt,5,5,0,['Autism_Parenting']
Throwaway03051012,32,29,3,['Autism_Parenting']
Puzzleheaded384,5,5,0,['Autism_Parenting']
glassbus,7,6,1,['Autism_Parenting']
ShriekingCabal,15,14,1,['Autism_Parenting']
Where-arethe-fairies,11,10,1,['Autism_Parenting']
DonutChickenBurg,8,5,3,['Autism_Parenting']
tentacool_kid37,2,2,0,['Autism_Parenting']
sugarzzz,24,24,0,['Autism_Parenting']
salty-lemons,21,5,16,['Autism_Parenting']
finding_my_way5156,2,2,0,['Autism_Parenting']
Treschelle,2,1,1,['Autism_Parenting']
Anti_sparkplug,2,2,0,['Autism_Parenting']
123mine,3,1,2,['Autism_Parenting']
ThrowRAcheeseit,3,3,0,['Autism_Parenting']
MadMamaMini,0,0,0,['Autism_Parenting']
moodersun,2,2,0,['Autism_Parenting']
Consistent-Voice4647,24,23,1,['Autism_Parenting']
Rising_Phoenix7,0,0,0,['Autism_Parenting']
pxltnk,1,1,0,['Autism_Parenting']
KangaRoo_Dog,13,6,7,['Autism_Parenting']
Desperate-Clue-6017,152,151,1,['Autism_Parenting']
Next_Firefighter7605,15,14,1,['Autism_Parenting']
Amoratimes,76,74,2,['Autism_Parenting']
Perfect-Degree-3272,1,1,0,['Autism_Parenting']
transdian,0,0,0,['Autism_Parenting']
Working4bigswing,3,3,0,['Autism_Parenting']
BoredomStrikesThrice,5,5,0,['Autism_Parenting']
singhpingh,33,32,1,['Autism_Parenting']
ghostbook4,6,4,2,['Autism_Parenting']
DaniCalifornia-42o69,5,4,1,['Autism_Parenting']
Thick_Mastodon_379,11,7,4,['Autism_Parenting']
theImmortalLotus,1,0,1,['Autism_Parenting']
plsdonth8meokay,17,13,4,['Autism_Parenting']
Artgue87,31,30,1,['Autism_Parenting']
AcceptableNobody5505,3,3,0,['Autism_Parenting']
MountainWitty2364,5,5,0,['Autism_Parenting']
Beautiful-Implement8,5,2,3,['Autism_Parenting']
LadismyDog,0,0,0,['Autism_Parenting']
monkeypig84,3,3,0,['Autism_Parenting']
MumofMiles,18,9,9,['Autism_Parenting']
paincaveman,46,46,0,['Autism_Parenting']
Iamwhitedove,1,1,0,['Autism_Parenting']
senshismith,14,11,3,['Autism_Parenting']
Mysterious_Sundae910,5,5,0,['Autism_Parenting']
Imaginary_Cat7871,95,94,1,['Autism_Parenting']
Late-Plankton-3806,2,2,0,['Autism_Parenting']
Enough-Apricot3186,2,2,0,['Autism_Parenting']
IncreaseConfident518,4,4,0,['Autism_Parenting']
InstructionFalse9029,0,0,0,['Autism_Parenting']
Lleal85,57,52,5,['Autism_Parenting']
JackfruitCreepy3501,5,5,0,['Autism_Parenting']
Featherhowler,2,2,0,['Autism_Parenting']
Informal_Strawberry3,3,2,1,['Autism_Parenting']
unicornjibjab,0,0,0,['Autism_Parenting']
Born-Foundation7873,4,4,0,['Autism_Parenting']
StaticBun,8,8,0,['Autism_Parenting']
RunnerInChicago,11,11,0,['Autism_Parenting']
East_Ability,14,13,1,['Autism_Parenting']
Electrical-Fly1458,23,6,17,['Autism_Parenting']
Thurfboard,23,22,1,['Autism_Parenting']
GtrGuy72,11,10,1,['Autism_Parenting']
badgerfan3,14,7,7,['Autism_Parenting']
Dino_Momto3,4,0,4,['Autism_Parenting']
Colbsmeir,36,35,1,['Autism_Parenting']
Long_Breakfast3781,32,32,0,['Autism_Parenting']
Snoo-56269,54,54,0,['Autism_Parenting']
Long_Fish1973,0,0,0,['Autism_Parenting']
ArtisticAlmanac,5,5,0,['Autism_Parenting']
honeybvbymom,46,42,4,['Autism_Parenting']
613reasons,3,2,1,['Autism_Parenting']
Shenannigans51,24,15,9,['Autism_Parenting']
woolen_goose,16,11,5,['Autism_Parenting']
Living-Respect-5327,10,3,7,['Autism_Parenting']
Reasonable-Cup4914,4,3,1,['Autism_Parenting']
HorrorSeesaw1914,23,22,1,['Autism_Parenting']
MilaColombiana,34,34,0,['Autism_Parenting']
bihiamatttrative,28,26,2,['Autism_Parenting']
Real_Coach4629,98,97,1,['Autism_Parenting']
Living-Teach-7553,16,1,15,['Autism_Parenting']
Salt_Zucchini_5636,1,1,0,['Autism_Parenting']
Kande715,0,0,0,['Autism_Parenting']
Adorable-Tooth1616,18,17,1,['Autism_Parenting']
roravill,14,4,10,['Autism_Parenting']
alissej,11,8,3,['Autism_Parenting']
Famous_Independence7,5,5,0,['Autism_Parenting']
Super_Suppe,19,19,0,['Autism_Parenting']
DramaticPie5161,9,4,5,['Autism_Parenting']
FluffyPuppy100,5,2,3,['Autism_Parenting']
bbyxj,5,5,0,['Autism_Parenting']
cherry_pie9,10,10,0,['Autism_Parenting']
Annabellybutton,1,1,0,['Autism_Parenting']
CounterAdditional800,1,1,0,['Autism_Parenting']
CallmeTunka,13,11,2,['Autism_Parenting']
Odd-Masterpiece-5770,6,6,0,['Autism_Parenting']
htid1984,1,0,1,['Autism_Parenting']
Sea-Passenger3424,28,28,0,['Autism_Parenting']
Wise_Salad,34,34,0,['Autism_Parenting']
Grand-Signal3298,3,3,0,['Autism_Parenting']
becominggrouchy,20,19,1,['Autism_Parenting']
MotherOf_Azrael,25,25,0,['Autism_Parenting']
OkEstimate519,8,8,0,['Autism_Parenting']
OldLadyProbs,23,0,23,['Autism_Parenting']
Sufficient_County514,2,2,0,['Autism_Parenting']
Expert_Razzmatazz_72,4,2,2,['Autism_Parenting']
I_pooped_my_pants69,9,7,2,['Autism_Parenting']
Jumpthepuddles,5,4,1,['Autism_Parenting']
PrettyGoodMom,7,7,0,['Autism_Parenting']
GapNo6709,3,3,0,['Autism_Parenting']
Deep_Sun1824,5,5,0,['Autism_Parenting']
AnnaBan1998,2,2,0,['Autism_Parenting']
hotsweatyspaghetti,14,14,0,['Autism_Parenting']
tooselfawarerel,5,5,0,['Autism_Parenting']
TheOmegaCuck,1,1,0,['Autism_Parenting']
ShamIAm1029,19,4,15,['Autism_Parenting']
Lets_be_Sirius,5,5,0,['Autism_Parenting']
Mindless_Parsnip5802,8,7,1,['Autism_Parenting']
BrilliantAdvantage45,5,5,0,['Autism_Parenting']
NovaScotia-,0,0,0,['Autism_Parenting']
ShadowRo69,3,3,0,['Autism_Parenting']
boxofmack,28,28,0,['Autism_Parenting']
cdcarpo,1,1,0,['Autism_Parenting']
Angry-mango7,3,1,2,['Autism_Parenting']
Turbulent-Diet-2568,0,0,0,['Autism_Parenting']
Imaginary-Try4789,0,0,0,['Autism_Parenting']
PeppermintPuppyPaws,11,3,8,['Autism_Parenting']
forever-beach-days,0,0,0,['Autism_Parenting']
FamiliarTemp47,1,0,1,['Autism_Parenting']
fukthisfukthat,11,11,0,['Autism_Parenting']
Bogizley,8,8,0,['Autism_Parenting']
Usual_Suspects214,4,0,4,['Autism_Parenting']
Magpie_Coin,17,17,0,['Autism_Parenting']
Npopp5,0,0,0,['Autism_Parenting']
CantaloupeEcstatic96,2,1,1,['Autism_Parenting']
Positive_Distance120,4,4,0,['Autism_Parenting']
Heavy-Is-The-Crown,2,2,0,['Autism_Parenting']
Ok_Web5854,2,2,0,['Autism_Parenting']
Numerous-Western174,5,1,4,['Autism_Parenting']
Electronic-Ear-3718,19,19,0,['Autism_Parenting']
doscookies,2,2,0,['Autism_Parenting']
Unlucky_Practice_166,37,36,1,['Autism_Parenting']
Real_Combination_785,19,18,1,['Autism_Parenting']
Terrible_Smell_8994,1,1,0,['Autism_Parenting']
Outrageous_Loan_7600,2,2,0,['Autism_Parenting']
sarahj313,3,0,3,['Autism_Parenting']
thestonernextdoor88,5,2,3,['Autism_Parenting']
No-Aside6005,3,3,0,['Autism_Parenting']
lolosbigadventure,10,10,0,['Autism_Parenting']
Training_Type8061,25,25,0,['Autism_Parenting']
Automatic_Music6716,3,3,0,['Autism_Parenting']
alexb9519,0,0,0,['Autism_Parenting']
Aromatic_Cut3729,8,2,6,['Autism_Parenting']
Chelcjasmines,2,2,0,['Autism_Parenting']
Think-Elephant7864,0,0,0,['Autism_Parenting']
ThisIsGargamel,9,0,9,['Autism_Parenting']
Different-Cod-6504,0,0,0,['Autism_Parenting']
Gleneobomb5,2,2,0,['Autism_Parenting']
ElegantEngineering17,2,0,2,['Autism_Parenting']
Plenty_Froyo_9011,1,0,1,['Autism_Parenting']
Anxious_Status_5103,6,2,4,['Autism_Parenting']
Ok-Confusion-1152,123,123,0,['Autism_Parenting']
BorderPowerful2723,15,14,1,['Autism_Parenting']
Accurate-Long-259,4,2,2,['Autism_Parenting']
barewayweller,0,0,0,['Autism_Parenting']
MysteriousSpinach952,5,3,2,['Autism_Parenting']
roseturtlelavender,16,4,12,['Autism_Parenting']
KD19992004,4,4,0,['Autism_Parenting']
born_to_be_mild_1,56,35,21,['Autism_Parenting']
Sami151826,8,8,0,['Autism_Parenting']
sieyes1,2,1,1,['Autism_Parenting']
Difficult_Day8435,2,2,0,['Autism_Parenting']
One_Presentation_768,16,16,0,['Autism_Parenting']
Givemesoup55,20,16,4,['Autism_Parenting']
ExpensiveDragonfly18,39,36,3,['Autism_Parenting']
Unhappy__Jello,4,0,4,['Autism_Parenting']
TerribleAd6708,7,7,0,['Autism_Parenting']
lediablecody,4,4,0,['Autism_Parenting']
Independent_News_594,28,28,0,['Autism_Parenting']
15voltz,21,21,0,['Autism_Parenting']
Greymyst420,0,0,0,['Autism_Parenting']
level30emo,3,3,0,['Autism_Parenting']
Ordinary-Wallaby1407,1,1,0,['Autism_Parenting']
Ok-Foundation7153,4,3,1,['Autism_Parenting']
Mrs_helifax_Spy,3,3,0,['Autism_Parenting']
jessiejune85,0,0,0,['Autism_Parenting']
sohappytogether9,22,22,0,['Autism_Parenting']
Kate-tastrophe21,3,2,1,['Autism_Parenting']
Some-Bad5978,0,0,0,['Autism_Parenting']
zeezy347,1,1,0,['Autism_Parenting']
nikulin93,2,2,0,['Autism_Parenting']
need_you_,1,1,0,['Autism_Parenting']
Independent_Guess_43,1,1,0,['Autism_Parenting']
babayagarulz,3,3,0,['Autism_Parenting']
AirlineBasic,12,3,9,['Autism_Parenting']
jumpnshout,14,9,5,['Autism_Parenting']
lkz665,53,53,0,['Autism_Parenting']
Hairy_Inflation2373,0,0,0,['Autism_Parenting']
judithcooks,7,6,1,['Autism_Parenting']
Wherehasmyheadgone,30,29,1,['Autism_Parenting']
hobotwinkletoes,15,14,1,['Autism_Parenting']
Plus_Complaint_374,3,3,0,['Autism_Parenting']
No-Talk7402,3,3,0,['Autism_Parenting']
RestOk1140,0,0,0,['Autism_Parenting']
Nenabby,7,5,2,['Autism_Parenting']
Designer_Risk2857,1,1,0,['Autism_Parenting']
Shouldhavekept,2,0,2,['Autism_Parenting']
nicole10170421,18,18,0,['Autism_Parenting']
ReynaReyy,3,3,0,['Autism_Parenting']
MrEoss,17,17,0,['Autism_Parenting']
pluperfect-penguin,5,2,3,['Autism_Parenting']
JMingis0001,10,10,0,['Autism_Parenting']
West_Instruction528,2,2,0,['Autism_Parenting']
Bubbly_Wealth8165,1,1,0,['Autism_Parenting']
Wutufuh,2,2,0,['Autism_Parenting']
FunComprehensive2954,5,5,0,['Autism_Parenting']
Scrabulon,26,24,2,['Autism_Parenting']
Dear-Judgment9605,7,1,6,['Autism_Parenting']
Deep_Exchange7273,26,25,1,['Autism_Parenting']
WhoMew,2,2,0,['Autism_Parenting']
lovelymolly16,2,2,0,['Autism_Parenting']
TheNerdyCatLady326,2,2,0,['Autism_Parenting']
lanajadee1994,3,2,1,['Autism_Parenting']
Mom2AandA,8,5,3,['Autism_Parenting']
manzananaranja,5,0,5,['Autism_Parenting']
Rare_Tumbleweed9124,4,3,1,['Autism_Parenting']
EternalSunflowerz,2,1,1,['Autism_Parenting']
wasteofpaint1,200,187,13,['Autism_Parenting']
Full_Monitor_1781,1,1,0,['Autism_Parenting']
Grassfedball,5,0,5,['Autism_Parenting']
butternutsquashed42,3,0,3,['Autism_Parenting']
Big-Life-5144,2,2,0,['Autism_Parenting']
Icy_Library9398,1,0,1,['Autism_Parenting']
asdfgzxcvqwer6293,16,16,0,['Autism_Parenting']
Pintsizegiraffe_,1,1,0,['Autism_Parenting']
LittleMissMedusa,6,4,2,['Autism_Parenting']
Additional-Emu-4868,98,98,0,['Autism_Parenting']
ThatSpencerGuy,9,0,9,['Autism_Parenting']
No_Huckleberry2096,19,18,1,['Autism_Parenting']
ProofRequirement9801,4,0,4,['Autism_Parenting']
Miss_v_007,5,3,2,['Autism_Parenting']
Maximum_Distance5697,5,4,1,['Autism_Parenting']
Graceygirl4,9,9,0,['Autism_Parenting']
bimbiibop,2,2,0,['Autism_Parenting']
BoysenberryEvery6259,0,0,0,['Autism_Parenting']
Trapped-Mouse,7,6,1,['Autism_Parenting']
Public_Entrance_4214,25,24,1,['Autism_Parenting']
Ok_Basil8287,4,3,1,['Autism_Parenting']
Ark_real,5,4,1,['Autism_Parenting']
No_Age_3178,2,1,1,['Autism_Parenting']
xxBrookieb,2,2,0,['Autism_Parenting']
sunshinedays789,32,28,4,['Autism_Parenting']
Salmazayd,4,4,0,['Autism_Parenting']
AuroraLuna24,24,24,0,['Autism_Parenting']
Large-Second-9415,0,0,0,['Autism_Parenting']
Express-Anything7322,2,1,1,['Autism_Parenting']
DryBoard253,8,7,1,['Autism_Parenting']
Kamy_kazy82,29,29,0,['Autism_Parenting']
Kkeeiisshhaa,3,3,0,['Autism_Parenting']
Minute-Instruction-4,2,2,0,['Autism_Parenting']
Far_Sail_3109,3,3,0,['Autism_Parenting']
BreakfastLopsided339,1,1,0,['Autism_Parenting']
Draconis91,6,6,0,['Autism_Parenting']
lilpharma23,23,23,0,['Autism_Parenting']
stircrazyathome,15,4,11,['Autism_Parenting']
NemuiNezumi,27,27,0,['Autism_Parenting']
RGaccountt,12,11,1,['Autism_Parenting']
Intelligent-Iron2727,9,6,3,['Autism_Parenting']
helpmecauseimuseless,0,0,0,['Autism_Parenting']
Sapphic-honeybun,2,2,0,['Autism_Parenting']
brighttimess,4,4,0,['Autism_Parenting']
petalsinthesky,6,6,0,['Autism_Parenting']
nowherian_,4,4,0,['Autism_Parenting']
howimfeelingno,5,5,0,['Autism_Parenting']
UnderstandingGold849,1,1,0,['Autism_Parenting']
Sufficient-Divide414,25,25,0,['Autism_Parenting']
Clean-Math4225,52,52,0,['Autism_Parenting']
Critical-Ladder-1939,12,10,2,['Autism_Parenting']
Snoo62935,4,4,0,['Autism_Parenting']
Cant_Handle_This4eva,6,5,1,['Autism_Parenting']
AutumnRae1983,61,61,0,['Autism_Parenting']
88keysss,5,5,0,['Autism_Parenting']
Less-Palpitation-424,1,1,0,['Autism_Parenting']
suni159,16,16,0,['Autism_Parenting']
No_Sorbet_2564,1,1,0,['Autism_Parenting']
RiverProfessional911,5,4,1,['Autism_Parenting']
Courtanialynn,3,3,0,['Autism_Parenting']
CeilingFanE76,14,13,1,['Autism_Parenting']
barontessier-ashpool,1,1,0,['Autism_Parenting']
Hero_Villian,0,0,0,['Autism_Parenting']
pork_quoi,5,5,0,['Autism_Parenting']
Asmahalo,4,2,2,['Autism_Parenting']
Atrombit1975,3,3,0,['Autism_Parenting']
Bulkydifference123,31,31,0,['Autism_Parenting']
Odd_Homework_229,3,3,0,['Autism_Parenting']
czechanese1984,2,2,0,['Autism_Parenting']
Themistocles_gr,6,3,3,['Autism_Parenting']
Sea-Meringue1527,14,12,2,['Autism_Parenting']
Superb-Success-8478,11,2,9,['Autism_Parenting']
morrisboris,0,0,0,['Autism_Parenting']
Significant_Wish_791,41,37,4,['Autism_Parenting']
pov2024,3,3,0,['Autism_Parenting']
Ok-Suit6589,3,1,2,['Autism_Parenting']
nanab135,4,4,0,['Autism_Parenting']
AdSpecial3165,7,4,3,['Autism_Parenting']
Mermaid7444,7,7,0,['Autism_Parenting']
Big_Initiative_1211,8,8,0,['Autism_Parenting']
Decent_Echidna_246,1,1,0,['Autism_Parenting']
AwareRun1333,53,53,0,['Autism_Parenting']
Sammi_amor,4,3,1,['Autism_Parenting']
Weekly-Coconut4874,2,2,0,['Autism_Parenting']
Apprehensive_Job5606,1,1,0,['Autism_Parenting']
binkyhophop,60,59,1,['Autism_Parenting']
MysteriousCall9065,2,2,0,['Autism_Parenting']
Mission_Range_5620,2,1,1,['Autism_Parenting']
imreallyfreakintired,3,2,1,['Autism_Parenting']
WhatAGolfBall,9,3,6,['Autism_Parenting']
Cali_col1976,6,5,1,['Autism_Parenting']
Mysterious-Fly-6031,22,22,0,['Autism_Parenting']
ApprehensiveCamera40,7,2,5,['Autism_Parenting']
SlowCode6,1,0,1,['Autism_Parenting']
Complex_Breakfast_15,0,0,0,['Autism_Parenting']
Tight-Future-1571,27,27,0,['Autism_Parenting']
Hamorama12,1,1,0,['Autism_Parenting']
Grand_Category_715,2,2,0,['Autism_Parenting']
queencatlady,5,1,4,['Autism_Parenting']
VeterinarianThat1634,2,2,0,['Autism_Parenting']
Psychological-Kale81,3,2,1,['Autism_Parenting']
bill-and-bob,13,13,0,['Autism_Parenting']
Lanky_Ad_6310,6,1,5,['Autism_Parenting']
Ok-Jelly-7941,13,13,0,['Autism_Parenting']
CreepySergeant,3,1,2,['Autism_Parenting']
Aohhkay,3,3,0,['Autism_Parenting']
Eisha81,2,2,0,['Autism_Parenting']
Organic-Ad4723,17,16,1,['Autism_Parenting']
QuandaryMoon,10,8,2,['Autism_Parenting']
Sea-Voice-503,6,6,0,['Autism_Parenting']
purpleheadedmonster,12,2,10,['Autism_Parenting']
Impossible_Dig5222,8,8,0,['Autism_Parenting']
throwaway_user2024,17,3,14,['Autism_Parenting']
Endromida2020,6,0,6,['Autism_Parenting']
Spiritual-Bad-8421,4,4,0,['Autism_Parenting']
Clowd10,25,25,0,['Autism_Parenting']
Seriously_ok_,2,2,0,['Autism_Parenting']
KatDevJourney,7,4,3,['Autism_Parenting']
All-you-needislove,4,3,1,['Autism_Parenting']
Different-Tea-5845,9,9,0,['Autism_Parenting']
leveluplauren1,7,6,1,['Autism_Parenting']
cujo_the_dog,0,0,0,['Autism_Parenting']
Kiraratheegg,19,19,0,['Autism_Parenting']
MeganMush,2,2,0,['Autism_Parenting']
PoMomster,6,4,2,['Autism_Parenting']
Livid-Cartographer73,76,73,3,['Autism_Parenting']
SoMuchStyleWasted,1,1,0,['Autism_Parenting']
Aehs01,2,2,0,['Autism_Parenting']
Darkrizens,2,2,0,['Autism_Parenting']
Substantial_Insect2,57,37,20,['Autism_Parenting']
Big_Chart_1856,0,0,0,['Autism_Parenting']
SouthParking1672,3,1,2,['Autism_Parenting']
Suitable-Deer3611,0,0,0,['Autism_Parenting']
SideInternational276,0,0,0,['Autism_Parenting']
AstronomerCautious37,2,2,0,['Autism_Parenting']
totalfake2021,0,0,0,['Autism_Parenting']
xuanshine,5,5,0,['Autism_Parenting']
sneakysneaky96,6,6,0,['Autism_Parenting']
THROWRAbiggersis,0,0,0,['Autism_Parenting']
General_Elephant,7,6,1,['Autism_Parenting']
Loud-Improvement69,15,14,1,['Autism_Parenting']
KoreGalore,4,4,0,['Autism_Parenting']
Rhoadles,74,71,3,['Autism_Parenting']
KET_196,7,7,0,['Autism_Parenting']
Motor_Trash1771,5,5,0,['Autism_Parenting']
NyquilPopcorn,4,1,3,['Autism_Parenting']
Comfortable-Spend-67,39,39,0,['Autism_Parenting']
AutismMama21_,2,2,0,['Autism_Parenting']
lotsoflove2,21,21,0,['Autism_Parenting']
AudreyLoopyReturns,2,1,1,['Autism_Parenting']
Celestial_Flamingo,7,3,4,['Autism_Parenting']
immarypopnsyall11,2,2,0,['Autism_Parenting']
SomeNectarine9230,3,2,1,['Autism_Parenting']
ring-a-ding-dillo,4,4,0,['Autism_Parenting']
mahafs,33,32,1,['Autism_Parenting']
Plastic-Praline-717,9,0,9,['Autism_Parenting']
PacificOcean-eyes,9,8,1,['Autism_Parenting']
TabbyCat1407,4,1,3,['Autism_Parenting']
Used_Equipment_4923,3,2,1,['Autism_Parenting']
sarczynski,3,3,0,['Autism_Parenting']
LatterStreet,32,27,5,['Autism_Parenting']
Latter_Musician1713,5,2,3,['Autism_Parenting']
MissSwat,3,3,0,['Autism_Parenting']
Perppermint_kittea,9,9,0,['Autism_Parenting']
Thin_Ad_7017,1,1,0,['Autism_Parenting']
treesinbl00m,1,1,0,['Autism_Parenting']
GlitteringBuy752,1,0,1,['Autism_Parenting']
SiriusFinance,1,1,0,['Autism_Parenting']
Fugue_State85,49,46,3,['Autism_Parenting']
Wild_purplerose,0,0,0,['Autism_Parenting']
zombiesnail30,4,3,1,['Autism_Parenting']
Existing_Sundae_4472,23,21,2,['Autism_Parenting']
OldAnalysis5872,14,13,1,['Autism_Parenting']
autmom1012,7,7,0,['Autism_Parenting']
FlyinLion86,3,3,0,['Autism_Parenting']
YourLocalMethHead69,2,2,0,['Autism_Parenting']
wecouldbenew,1,1,0,['Autism_Parenting']
CryIntelligent1560,20,20,0,['Autism_Parenting']
Camilacabelostan,3,3,0,['Autism_Parenting']
hnw0414,3,3,0,['Autism_Parenting']
SnoooDonuts1995,5,5,0,['Autism_Parenting']
Gloomy_Ad3987,2,2,0,['Autism_Parenting']
GrumblyMezzo,4,4,0,['Autism_Parenting']
Pale-Astronaut-390,51,50,1,['Autism_Parenting']
LeastCryptographer23,2,2,0,['Autism_Parenting']
Ok-Studio-510,3,0,3,['Autism_Parenting']
MacKayborn,1,1,0,['Autism_Parenting']
Loose-Grapefruit2906,43,43,0,['Autism_Parenting']
IncreaseSea755,4,4,0,['Autism_Parenting']
Naive-Aside6543,4,2,2,['Autism_Parenting']
CaptainThrow123,9,8,1,['Autism_Parenting']
ConcentrateOk6429,1,1,0,['Autism_Parenting']
Strange_Potato4326,16,13,3,['Autism_Parenting']
Tall-Look-8560,8,7,1,['Autism_Parenting']
Cori1222,2,1,1,['Autism_Parenting']
No-Victory-149,0,0,0,['Autism_Parenting']
mana_tap,0,0,0,['Autism_Parenting']
marcal213,9,7,2,['Autism_Parenting']
awfulsoaphand,1,1,0,['Autism_Parenting']
Remarkable-Path-6216,9,9,0,['Autism_Parenting']
tapuk0k0,5,5,0,['Autism_Parenting']
Key-Reference-9903,3,2,1,['Autism_Parenting']
Top_Photograph_3298,2,2,0,['Autism_Parenting']
Tezzeretfan2001,6,3,3,['Autism_Parenting']
Inevitable_Dog4062,24,19,5,['Autism_Parenting']
quippaboy92,4,4,0,['Autism_Parenting']
ta589962,3,3,0,['Autism_Parenting']
milkacrossthesky,2,2,0,['Autism_Parenting']
kekecatmeow,1,1,0,['Autism_Parenting']
goose23654,37,37,0,['Autism_Parenting']
Severe-Palpitation-3,2,1,1,['Autism_Parenting']
IFishnstuff,4,3,1,['Autism_Parenting']
Round-Case4753,2,2,0,['Autism_Parenting']
Responsible-Vast6980,8,7,1,['Autism_Parenting']
chasethecar12,1,1,0,['Autism_Parenting']
Celtslap,5,3,2,['Autism_Parenting']
Taintedsyn,2,2,0,['Autism_Parenting']
Time_Incident_5409,2,2,0,['Autism_Parenting']
ann904,4,4,0,['Autism_Parenting']
Best_Elk_2810,2,2,0,['Autism_Parenting']
lemmywinks89,2,2,0,['Autism_Parenting']
Candid_Reaction691,2,2,0,['Autism_Parenting']
BackgroundMuffin,3,2,1,['Autism_Parenting']
Betty_Swollockz_,8,8,0,['Autism_Parenting']
Major-Security1249,33,29,4,['Autism_Parenting']
AriCapVir,25,24,1,['Autism_Parenting']
Foreign-Trouble-5892,2,2,0,['Autism_Parenting']
Outrageous-Berry4989,35,29,6,['Autism_Parenting']
lexicon-sentry,7,6,1,['Autism_Parenting']
Dino_sar_12,0,0,0,['Autism_Parenting']
Legal-Lychee-0518,42,41,1,['Autism_Parenting']
Macaroon-Upstairs,2,1,1,['Autism_Parenting']
zoltrules,46,46,0,['Autism_Parenting']
FreeBeyond9796,13,11,2,['Autism_Parenting']
AnythingOk77,14,14,0,['Autism_Parenting']
chancoryobaird,2,2,0,['Autism_Parenting']
Sentient_Fire,8,6,2,['Autism_Parenting']
PaulblankPF,4,1,3,['Autism_Parenting']
Fantastic-Snow-9910,9,5,4,['Autism_Parenting']
Key-Emphasis9362,2,2,0,['Autism_Parenting']
MaleficentSpot5578,6,6,0,['Autism_Parenting']
Awkward_Dog,2,1,1,['Autism_Parenting']
Gold_Yoghurt_5438,9,4,5,['Autism_Parenting']
TutorPale9464,1,1,0,['Autism_Parenting']
RockieJuggz,9,6,3,['Autism_Parenting']
brammmish,35,35,0,['Autism_Parenting']
Ok-Construction-6465,18,15,3,['Autism_Parenting']
AuthenticAwkwardness,9,8,1,['Autism_Parenting']
Loubswhatever,34,34,0,['Autism_Parenting']
audreymaude,7,7,0,['Autism_Parenting']
MonsterHighStudent,6,6,0,['Autism_Parenting']
chantellschmahl,1,1,0,['Autism_Parenting']
shskdjhddjks,0,0,0,['Autism_Parenting']
False-Adeptness-487,8,8,0,['Autism_Parenting']
shhhlife,2,1,1,['Autism_Parenting']
Remote_Tale_1176,4,4,0,['Autism_Parenting']
queen2k,3,3,0,['Autism_Parenting']
deedsol,0,0,0,['Autism_Parenting']
_FailedTeacher,45,45,0,['Autism_Parenting']
teamraww,9,9,0,['Autism_Parenting']
xx_jewels,3,3,0,['Autism_Parenting']
blaample,60,60,0,['Autism_Parenting']
gee1231,3,1,2,['Autism_Parenting']
CautiousSeabird,0,0,0,['Autism_Parenting']
Beastlymarr,1,0,1,['Autism_Parenting']
Parttimelooker,1,1,0,['Autism_Parenting']
ProjectMomager,17,16,1,['Autism_Parenting']
CottonPotatoe,2,2,0,['Autism_Parenting']
Educational_Steak689,2,2,0,['Autism_Parenting']
sresaii,1,1,0,['Autism_Parenting']
mroriginal7,0,0,0,['Autism_Parenting']
Clean_Effect1546,4,4,0,['Autism_Parenting']
General-Shoulder-569,8,5,3,['Autism_Parenting']
Historical_Bank3487,6,6,0,['Autism_Parenting']
modern_medicine_isnt,3,3,0,['Autism_Parenting']
bliddell89,16,15,1,['Autism_Parenting']
9oose,3,3,0,['Autism_Parenting']
ChairOwn1303,0,0,0,['Autism_Parenting']
meem111,0,0,0,['Autism_Parenting']
Old_Philosopher6537,0,0,0,['Autism_Parenting']
RachelsDream2020,7,7,0,['Autism_Parenting']
Adventurous-Tax-2121,5,3,2,['Autism_Parenting']
penta-quark,4,4,0,['Autism_Parenting']
pickledBarzun,2,2,0,['Autism_Parenting']
Independent_Way_7846,17,16,1,['Autism_Parenting']
bread_box1257,0,0,0,['Autism_Parenting']
llamallamanachomama,2,2,0,['Autism_Parenting']
stonksuper,1,0,1,['Autism_Parenting']
Feeling_Ambition6110,1,1,0,['Autism_Parenting']
Sharp_Election3238,0,0,0,['Autism_Parenting']
VisableAnxiety,2,1,1,['Autism_Parenting']
Competitive-Bass8387,1,1,0,['Autism_Parenting']
Proud-Foster-Mom-717,7,5,2,['Autism_Parenting']
Fit_Dragonfruit_8505,11,11,0,['Autism_Parenting']
Anxious-Passion1420,1,1,0,['Autism_Parenting']
Organic_Zucchini4296,7,7,0,['Autism_Parenting']
Vegetable_Comfort366,30,30,0,['Autism_Parenting']
LessPirate24,0,0,0,['Autism_Parenting']
Alarming-Tackle9832,2,2,0,['Autism_Parenting']
caritadeatun,46,27,19,['Autism_Parenting']
atomic_bubblegum,1,1,0,['Autism_Parenting']
Chemical_Energy_5591,1,1,0,['Autism_Parenting']
ifgodwereaworm,5,5,0,['Autism_Parenting']
Mammal_Instinct,3,1,2,['Autism_Parenting']
Strong-Ad-84,2,1,1,['Autism_Parenting']
Odd_Let4237,4,4,0,['Autism_Parenting']
Awndreyuh,3,3,0,['Autism_Parenting']
CaterpillarKey1100,2,2,0,['Autism_Parenting']
geemunnie,6,6,0,['Autism_Parenting']
amelie190,1,1,0,['Autism_Parenting']
CallipygianGigglemug,29,2,27,['Autism_Parenting']
One-Donut6822,2,2,0,['Autism_Parenting']
Lucky-Impact-538,0,0,0,['Autism_Parenting']
Correct-University76,0,0,0,['Autism_Parenting']
No_Intention_4475,10,10,0,['Autism_Parenting']
Bl00dr1v3,0,0,0,['Autism_Parenting']
Creative_Judgment_50,20,17,3,['Autism_Parenting']
tfill,0,0,0,['Autism_Parenting']
Old_Anybody2111,4,4,0,['Autism_Parenting']
mellysam,2,2,0,['Autism_Parenting']
throwawaystepmum1983,16,16,0,['Autism_Parenting']
StationNo6590,2,2,0,['Autism_Parenting']
Comfortable-Cup-0901,6,6,0,['Autism_Parenting']
unremarkable_emo,6,0,6,['Autism_Parenting']
bebe3956,1,1,0,['Autism_Parenting']
CheckMeowt_Now,31,31,0,['Autism_Parenting']
Unlikely-Studio-7836,2,2,0,['Autism_Parenting']
cmusilli,17,17,0,['Autism_Parenting']
RecognitionWeird9435,2,1,1,['Autism_Parenting']
--HiraetH--,0,0,0,['Autism_Parenting']
Personal_Fruit937,10,10,0,['Autism_Parenting']
Flashy_Gur_7223,4,2,2,['Autism_Parenting']
Chemical-Will2352,2,0,2,['Autism_Parenting']
ImJustGuessing045,11,0,11,['Autism_Parenting']
jmo703503,1,0,1,['Autism_Parenting']
Eduard1234,3,0,3,['Autism_Parenting']
IchStrickeGerne,1,0,1,['Autism_Parenting']
ghostjournals,1,0,1,['Autism_Parenting']
snapple-mangomadness,3,0,3,['Autism_Parenting']
Pitiful_Contract_427,3,0,3,['Autism_Parenting']
ICvsShipt,9,0,9,['Autism_Parenting']
meowpitbullmeow,10,0,10,['Autism_Parenting']
saplith,13,0,13,['Autism_Parenting']
Odd-Reflection538,1,0,1,['Autism_Parenting']
my_little_rarity,1,0,1,['Autism_Parenting']
CAFFEMOM_J,2,0,2,['Autism_Parenting']
jessness024,16,0,16,['Autism_Parenting']
Ok_Pirate9561,22,0,22,['Autism_Parenting']
Front_Sand_3495,2,0,2,['Autism_Parenting']
Film-Icy,9,0,9,['Autism_Parenting']
no1tamesme,7,0,7,['Autism_Parenting']
JKW1988,3,0,3,['Autism_Parenting']
TerryC_IndieGameDev,1,0,1,['Autism_Parenting']
Icy-Concentrate-2606,1,0,1,['Autism_Parenting']
visceralmercenary,1,0,1,['Autism_Parenting']
beautyisshe,3,0,3,['Autism_Parenting']
DrizzlyOne,10,0,10,['Autism_Parenting']
brittany0603,3,0,3,['Autism_Parenting']
Tight_Cat_80,7,0,7,['Autism_Parenting']
No-Glass-96,2,0,2,['Autism_Parenting']
MeaninglessRambles,3,0,3,['Autism_Parenting']
Pickles0990,2,0,2,['Autism_Parenting']
Gentille__Alouette,5,0,5,['Autism_Parenting']
OhioIT,2,0,2,['Autism_Parenting']
JayFox_88,1,0,1,['Autism_Parenting']
dwise317,1,0,1,['Autism_Parenting']
LoveIt0007,22,0,22,['Autism_Parenting']
sfwalnut,1,0,1,['Autism_Parenting']
temp7542355,32,0,32,['Autism_Parenting']
ceb1995,5,0,5,['Autism_Parenting']
CucumberNo3244,7,0,7,['Autism_Parenting']
CommunicationTop7259,4,0,4,['Autism_Parenting']
No_Importance,2,0,2,['Autism_Parenting']
BirdyDreamer,8,0,8,['Autism_Parenting']
moonflower311,3,0,3,['Autism_Parenting']
Specialist-Smoke,6,0,6,['Autism_Parenting']
PM_ME_YOUR_DND_SHEET,28,0,28,['Autism_Parenting']
waikiki_sneaky,6,0,6,['Autism_Parenting']
thuragath,1,0,1,['Autism_Parenting']
_nebuchadnezzar-,13,0,13,['Autism_Parenting']
chickenmcdruggets,8,0,8,['Autism_Parenting']
heymrdjcw,2,0,2,['Autism_Parenting']
lavenderpower223,1,0,1,['Autism_Parenting']
trustnoone143,3,0,3,['Autism_Parenting']
silverspurs13,1,0,1,['Autism_Parenting']
AffectionateIdea6304,1,0,1,['Autism_Parenting']
diaperedwoman,8,0,8,['Autism_Parenting']
-fuckie_chinster-,3,0,3,['Autism_Parenting']
Wise_Yesterday6675,16,0,16,['Autism_Parenting']
Aaa15963,2,0,2,['Autism_Parenting']
Dry-Reporter-867,8,0,8,['Autism_Parenting']
istl44,1,0,1,['Autism_Parenting']
TigerShark_524,2,0,2,['Autism_Parenting']
MotherGeologist5502,22,0,22,['Autism_Parenting']
Lost-Wanderer-405,3,0,3,['Autism_Parenting']
pulpful,1,0,1,['Autism_Parenting']
ClickAndClackTheTap,8,0,8,['Autism_Parenting']
Apprehensive-Fig405,1,0,1,['Autism_Parenting']
Defiant_Ad_8489,20,0,20,['Autism_Parenting']
Jets237,12,0,12,['Autism_Parenting']
ashhir23,12,0,12,['Autism_Parenting']
cstaylor6,5,0,5,['Autism_Parenting']
Lola07Ro,1,0,1,['Autism_Parenting']
ashcuppycakke,1,0,1,['Autism_Parenting']
ToTakeANDToBeTaken,1,0,1,['Autism_Parenting']
Over-Ad-1582,4,0,4,['Autism_Parenting']
Miniteshi,3,0,3,['Autism_Parenting']
krerryberry,1,0,1,['Autism_Parenting']
VioletAmethyst3,7,0,7,['Autism_Parenting']
Extra-Guide8911,1,0,1,['Autism_Parenting']
D4ngflabbit,8,0,8,['Autism_Parenting']
Wheresmyfoodwoman,9,0,9,['Autism_Parenting']
makersmark1,6,0,6,['Autism_Parenting']
letsdothisthing88,19,0,19,['Autism_Parenting']
rcsmalls,1,0,1,['Autism_Parenting']
TorchIt,3,0,3,['Autism_Parenting']
Plastic-Engineer-382,5,0,5,['Autism_Parenting']
Bushpylot,17,0,17,['Autism_Parenting']
asa1658,7,0,7,['Autism_Parenting']
NicoVonnegut,2,0,2,['Autism_Parenting']
Mission-Stretch-3466,4,0,4,['Autism_Parenting']
shitty_owl_lamp,5,0,5,['Autism_Parenting']
Molkin,8,0,8,['Autism_Parenting']
PugOwner2023,9,0,9,['Autism_Parenting']
SnooBunnies3198,6,0,6,['Autism_Parenting']
Immediate-Low-296,2,0,2,['Autism_Parenting']
akm215,2,0,2,['Autism_Parenting']
MaximumOstrich5118,3,0,3,['Autism_Parenting']
raccooncitygoose,5,0,5,['Autism_Parenting']
CalgaryChris77,4,0,4,['Autism_Parenting']
abitmorestupider,1,0,1,['Autism_Parenting']
Keekssz,1,0,1,['Autism_Parenting']
hickgorilla,3,0,3,['Autism_Parenting']
Existing_Drawing_786,18,0,18,['Autism_Parenting']
ProfessionalIll7083,2,0,2,['Autism_Parenting']
InTheMomentInvestor,2,0,2,['Autism_Parenting']
Feisty-Seaweed9598,8,0,8,['Autism_Parenting']
lysergic_tryptamino,1,0,1,['Autism_Parenting']
jack_attack89,3,0,3,['Autism_Parenting']
Immediate_Race_6344,2,0,2,['Autism_Parenting']
Various_Tiger6475,18,0,18,['Autism_Parenting']
Gullible_Produce_934,7,0,7,['Autism_Parenting']
MeagoDK,1,0,1,['Autism_Parenting']
Additional_Set797,9,0,9,['Autism_Parenting']
jamesbrowski,6,0,6,['Autism_Parenting']
Brightness_Nynaeve,7,0,7,['Autism_Parenting']
ReturnOfTheGempire,3,0,3,['Autism_Parenting']
IridescentDinos,7,0,7,['Autism_Parenting']
Laurka69,1,0,1,['Autism_Parenting']
Miserable_Rise_2050,1,0,1,['Autism_Parenting']
Confident_Leg_4020,1,0,1,['Autism_Parenting']
PracticalIncident397,6,0,6,['Autism_Parenting']
mase27,1,0,1,['Autism_Parenting']
fencer_327,22,0,22,['Autism_Parenting']
DavidVegas83,2,0,2,['Autism_Parenting']
Leather_Dragonfly529,1,0,1,['Autism_Parenting']
HallieLiebling,2,0,2,['Autism_Parenting']
loolabette,1,0,1,['Autism_Parenting']
notrednamc,4,0,4,['Autism_Parenting']
Socks4Goths,1,0,1,['Autism_Parenting']
Autism_Adhd_Mom2,1,0,1,['Autism_Parenting']
Sweetcynic36,20,0,20,['Autism_Parenting']
Exhausted_Platypus_6,1,0,1,['Autism_Parenting']
Lynkboz,3,0,3,['Autism_Parenting']
CriticalShare6,1,0,1,['Autism_Parenting']
Extreme-Clock-6116,2,0,2,['Autism_Parenting']
UpsetPositive3146,29,0,29,['Autism_Parenting']
Wide-Biscotti-8663,9,0,9,['Autism_Parenting']
WinstonGreyCat,1,0,1,['Autism_Parenting']
To_Autism_with_love,1,0,1,['Autism_Parenting']
NadjasDoll,3,0,3,['Autism_Parenting']
dreampuff,1,0,1,['Autism_Parenting']
Sweaty_Restaurant_92,21,0,21,['Autism_Parenting']
tellme1987,1,0,1,['Autism_Parenting']
Mediocre-Reception81,1,0,1,['Autism_Parenting']
Fabulous-Dig8902,2,0,2,['Autism_Parenting']
Biobesign,12,0,12,['Autism_Parenting']
PotentialPractical26,4,0,4,['Autism_Parenting']
Acceptable_Bend_5200,1,0,1,['Autism_Parenting']
sprinkledgreen,1,0,1,['Autism_Parenting']
Girlonthemove5,1,0,1,['Autism_Parenting']
Thirsty30Something,6,0,6,['Autism_Parenting']
RishaBree,2,0,2,['Autism_Parenting']
Chemical-Damage-870,1,0,1,['Autism_Parenting']
Gimptafied,1,0,1,['Autism_Parenting']
Professional-Row-605,13,0,13,['Autism_Parenting']
Kitten_Kat123_,4,0,4,['Autism_Parenting']
Delicious-Mix-9180,7,0,7,['Autism_Parenting']
BadgersHoneyPot,10,0,10,['Autism_Parenting']
TheAmazingBildo,5,0,5,['Autism_Parenting']
Cat_o_meter,18,0,18,['Autism_Parenting']
callmesamus,2,0,2,['Autism_Parenting']
Specific_Lie_9915,1,0,1,['Autism_Parenting']
Upbeat_Rise_7612,1,0,1,['Autism_Parenting']
roeboat237,2,0,2,['Autism_Parenting']
Agent_Star_Fox,2,0,2,['Autism_Parenting']
nolikey,1,0,1,['Autism_Parenting']
xoBunnyox,1,0,1,['Autism_Parenting']
Finding_V_Again,2,0,2,['Autism_Parenting']
ZsMommy19,4,0,4,['Autism_Parenting']
tempsleon,2,0,2,['Autism_Parenting']
alifeyoulove,6,0,6,['Autism_Parenting']
Mama-mia-15,2,0,2,['Autism_Parenting']
dudeguy81,1,0,1,['Autism_Parenting']
shabaptiboo,2,0,2,['Autism_Parenting']
Shannistration,3,0,3,['Autism_Parenting']
court_milpool,15,0,15,['Autism_Parenting']
Negative_Lie_1823,10,0,10,['Autism_Parenting']
Bad-Abby,3,0,3,['Autism_Parenting']
No-Cloud-1928,5,0,5,['Autism_Parenting']
jsabatier,4,0,4,['Autism_Parenting']
PieGroundbreaking749,1,0,1,['Autism_Parenting']
Dazzling_Simple2824,9,0,9,['Autism_Parenting']
Ok_Remote8670,1,0,1,['Autism_Parenting']
elrangarino,1,0,1,['Autism_Parenting']
whitelinentrousers,3,0,3,['Autism_Parenting']
PNW_Uncle_Iroh,1,0,1,['Autism_Parenting']
Fine-Singer-5781,6,0,6,['Autism_Parenting']
momlifewju,3,0,3,['Autism_Parenting']
drstovetop,1,0,1,['Autism_Parenting']
AtavisticJackal,12,0,12,['Autism_Parenting']
RUKnight31,4,0,4,['Autism_Parenting']
ShallotOk2123,1,0,1,['Autism_Parenting']
oofieoofty,2,0,2,['Autism_Parenting']
ConsiderationOk254,6,0,6,['Autism_Parenting']
BluecatDragon77,8,0,8,['Autism_Parenting']
Thetuxedoprincess,10,0,10,['Autism_Parenting']
celtic_thistle,8,0,8,['Autism_Parenting']
Current-Tradition505,5,0,5,['Autism_Parenting']
Masterofsnacking,2,0,2,['Autism_Parenting']
mountains1989,1,0,1,['Autism_Parenting']
cici92814,3,0,3,['Autism_Parenting']
He-Is-Raisin,2,0,2,['Autism_Parenting']
jace4prez,4,0,4,['Autism_Parenting']
Reyca444,7,0,7,['Autism_Parenting']
Newbebes616,1,0,1,['Autism_Parenting']
Icy-Cheesecake8828,1,0,1,['Autism_Parenting']
No_Assistant2804,2,0,2,['Autism_Parenting']
helpmeimpoor131313,1,0,1,['Autism_Parenting']
Glxblt76,9,0,9,['Autism_Parenting']
caffeine_lights,5,0,5,['Autism_Parenting']
leishlala,1,0,1,['Autism_Parenting']
Livid_Albatross1050,4,0,4,['Autism_Parenting']
wonderfullytrying,18,0,18,['Autism_Parenting']
mycatfetches,3,0,3,['Autism_Parenting']
Horror-Cicada9357,4,0,4,['Autism_Parenting']
with_brave_wings,3,0,3,['Autism_Parenting']
alyxmj,7,0,7,['Autism_Parenting']
alexy87,2,0,2,['Autism_Parenting']
Kemojo21,2,0,2,['Autism_Parenting']
happyness4me,1,0,1,['Autism_Parenting']
UnassumingLocalDuck,1,0,1,['Autism_Parenting']
Independent_Goat8561,1,0,1,['Autism_Parenting']
aqua410,3,0,3,['Autism_Parenting']
netkrash,1,0,1,['Autism_Parenting']
Acceptable-Hour-50,9,0,9,['Autism_Parenting']
Autism_Awareness_Mom,1,0,1,['Autism_Parenting']
ravenwillowofbimbery,1,0,1,['Autism_Parenting']
Trippy-Giraffe420,3,0,3,['Autism_Parenting']
whatshwrname,1,0,1,['Autism_Parenting']
PM_me_yr_bonsai_tips,1,0,1,['Autism_Parenting']
purplekale,2,0,2,['Autism_Parenting']
SaranMal,9,0,9,['Autism_Parenting']
MamaGRN,8,0,8,['Autism_Parenting']
Nifley8,1,0,1,['Autism_Parenting']
No_Yes_Why_Maybe,11,0,11,['Autism_Parenting']
Shnackalicious,1,0,1,['Autism_Parenting']
Dresden--,3,0,3,['Autism_Parenting']
thelensbetween,12,0,12,['Autism_Parenting']
bittensara23,1,0,1,['Autism_Parenting']
racheltomato,8,0,8,['Autism_Parenting']
Van_Doofenschmirtz,5,0,5,['Autism_Parenting']
efffootnote,1,0,1,['Autism_Parenting']
katt_vantar,23,0,23,['Autism_Parenting']
ButterflyTiff,3,0,3,['Autism_Parenting']
lucky-283,5,0,5,['Autism_Parenting']
iceanddustpottery,1,0,1,['Autism_Parenting']
Allie0074,3,0,3,['Autism_Parenting']
milllllllllllllllly,2,0,2,['Autism_Parenting']
SteveDaPirate91,8,0,8,['Autism_Parenting']
VanityInk,30,0,30,['Autism_Parenting']
TeaAndTriscuits,1,0,1,['Autism_Parenting']
DarthMinnious,4,0,4,['Autism_Parenting']
Seppy3rd,1,0,1,['Autism_Parenting']
Ini82,1,0,1,['Autism_Parenting']
Salt_Reputation_8967,9,0,9,['Autism_Parenting']
CodRepresentative870,5,0,5,['Autism_Parenting']
3monster_mama,2,0,2,['Autism_Parenting']
AliceOnChain,10,0,10,['Autism_Parenting']
middleclassmommy,1,0,1,['Autism_Parenting']
Kamran_A,2,0,2,['Autism_Parenting']
Academic-Contest3309,1,0,1,['Autism_Parenting']
He_Who_Walks_Behind_,11,0,11,['Autism_Parenting']
dunscotus,1,0,1,['Autism_Parenting']
Do_it_My_Way-79,1,0,1,['Autism_Parenting']
Additional_Brief_569,4,0,4,['Autism_Parenting']
arielslegs,1,0,1,['Autism_Parenting']
Disneychick322,4,0,4,['Autism_Parenting']
reddit_user1978,6,0,6,['Autism_Parenting']
Suitable_Chicken_602,3,0,3,['Autism_Parenting']
Select-Suggestion313,1,0,1,['Autism_Parenting']
Key-Signature879,2,0,2,['Autism_Parenting']
Far_Persimmon_4633,4,0,4,['Autism_Parenting']
Rachel1868,1,0,1,['Autism_Parenting']
ComplexDessert,8,0,8,['Autism_Parenting']
midwest_scrummy,3,0,3,['Autism_Parenting']
Formal-Ad-6312,4,0,4,['Autism_Parenting']
seeeveryjoyouscolor,2,0,2,['Autism_Parenting']
prometheus_winced,4,0,4,['Autism_Parenting']
ARoseandAPoem,4,0,4,['Autism_Parenting']
Global_Ice3358,2,0,2,['Autism_Parenting']
SameManagement8895,3,0,3,['Autism_Parenting']
Tough-Appointment958,10,0,10,['Autism_Parenting']
scaryfeather,1,0,1,['Autism_Parenting']
Jazzlike-Produce-346,2,0,2,['Autism_Parenting']
Physical-Reward-9148,12,0,12,['Autism_Parenting']
gogreenkw,1,0,1,['Autism_Parenting']
AvatarElGreco,1,0,1,['Autism_Parenting']
kuechiswitch,1,0,1,['Autism_Parenting']
SignificantRing4766,8,0,8,['Autism_Parenting']
Current_Map5998,1,0,1,['Autism_Parenting']
Beginning-Goal-8286,1,0,1,['Autism_Parenting']
OhGoodGrief13,7,0,7,['Autism_Parenting']
Key_Citron_266,11,0,11,['Autism_Parenting']
Countryroses1205,3,0,3,['Autism_Parenting']
onlyintownfor1night,12,0,12,['Autism_Parenting']
No-Vermicelli7966,2,0,2,['Autism_Parenting']
AvidReader86,1,0,1,['Autism_Parenting']
RoanAlbatross,11,0,11,['Autism_Parenting']
starchild101,2,0,2,['Autism_Parenting']
yikesmate,1,0,1,['Autism_Parenting']
ElectricSky87,1,0,1,['Autism_Parenting']
BubbleColorsTarot,1,0,1,['Autism_Parenting']
BigBlueHood,10,0,10,['Autism_Parenting']
Expensive-Wonder7858,1,0,1,['Autism_Parenting']
Scared-Tension-8128,1,0,1,['Autism_Parenting']
Mudkipmurron,4,0,4,['Autism_Parenting']
jolovesmustard,2,0,2,['Autism_Parenting']
RepresentativeAny804,22,0,22,['Autism_Parenting']
kyliedeesprite,26,0,26,['Autism_Parenting']
ShaneTwenty20,2,0,2,['Autism_Parenting']
aloha_skye,6,0,6,['Autism_Parenting']
keeks85,5,0,5,['Autism_Parenting']
bellizabeth,3,0,3,['Autism_Parenting']
stormybormy23,1,0,1,['Autism_Parenting']
Rivsmama,10,0,10,['Autism_Parenting']
Many_Baker8996,10,0,10,['Autism_Parenting']
middle_gras,2,0,2,['Autism_Parenting']
somekindastoner,1,0,1,['Autism_Parenting']
BlondeFox18,3,0,3,['Autism_Parenting']
AgathaMoran,1,0,1,['Autism_Parenting']
YaAllahUKnowBest,1,0,1,['Autism_Parenting']
raininherpaderps,8,0,8,['Autism_Parenting']
HeyMay0324,1,0,1,['Autism_Parenting']
Big_Caterpillar5675,2,0,2,['Autism_Parenting']
ladykansas,2,0,2,['Autism_Parenting']
tettoffensive,2,0,2,['Autism_Parenting']
Kwyjibo68,31,0,31,['Autism_Parenting']
Bananabeak7,1,0,1,['Autism_Parenting']
tiger_fanclub,10,0,10,['Autism_Parenting']
Renaissance_Dad1990,8,0,8,['Autism_Parenting']
aliie_627,4,0,4,['Autism_Parenting']
Prudent-Trip3608,1,0,1,['Autism_Parenting']
TerrorJunkie,1,0,1,['Autism_Parenting']
juliebavi,7,0,7,['Autism_Parenting']
Old_Excitement_6295,2,0,2,['Autism_Parenting']
Livid-Improvement953,35,0,35,['Autism_Parenting']
DekeCobretti,13,0,13,['Autism_Parenting']
Additional_Yak8332,4,0,4,['Autism_Parenting']
feelinthisvibe,10,0,10,['Autism_Parenting']
uglyfauna,1,0,1,['Autism_Parenting']
AwarenessDesperate58,1,0,1,['Autism_Parenting']
paleturtlee,1,0,1,['Autism_Parenting']
DotheQuirkyJerk,2,0,2,['Autism_Parenting']
_10greenbottles,6,0,6,['Autism_Parenting']
andrewclarkson,4,0,4,['Autism_Parenting']
Bananalando,6,0,6,['Autism_Parenting']
NikkiT64,1,0,1,['Autism_Parenting']
fricky-kook,6,0,6,['Autism_Parenting']
amigos_amigos_amigos,4,0,4,['Autism_Parenting']
624Seeds,15,0,15,['Autism_Parenting']
Pumpkin1818,5,0,5,['Autism_Parenting']
isolatednovelty,3,0,3,['Autism_Parenting']
Frequent_Breath8210,4,0,4,['Autism_Parenting']
jacle2210,5,0,5,['Autism_Parenting']
Chica3,7,0,7,['Autism_Parenting']
CHCarolUK,2,0,2,['Autism_Parenting']
Confident-Echo-5996,1,0,1,['Autism_Parenting']
chefkittious,3,0,3,['Autism_Parenting']
MrsHarris2019,1,0,1,['Autism_Parenting']
maskelinda,4,0,4,['Autism_Parenting']
jkmjtj,6,0,6,['Autism_Parenting']
Practical-Channel-66,1,0,1,['Autism_Parenting']
infidel3006,1,0,1,['Autism_Parenting']
Alarmed-Employee-741,1,0,1,['Autism_Parenting']
FIbynight,2,0,2,['Autism_Parenting']
swirl_pop,1,0,1,['Autism_Parenting']
AgonisingAunt,4,0,4,['Autism_Parenting']
Substantial_Home_257,3,0,3,['Autism_Parenting']
1baby2cats,4,0,4,['Autism_Parenting']
BamfCas421,5,0,5,['Autism_Parenting']
Huge_Wait1798,2,0,2,['Autism_Parenting']
Nice_Competition_494,2,0,2,['Autism_Parenting']
diceosaurus,2,0,2,['Autism_Parenting']
selenodynamo,2,0,2,['Autism_Parenting']
RemiAkai2,3,0,3,['Autism_Parenting']
russkigirl,11,0,11,['Autism_Parenting']
sassyandshort,1,0,1,['Autism_Parenting']
chipsnsalsa13,1,0,1,['Autism_Parenting']
stairattheceiling,11,0,11,['Autism_Parenting']
amach9,1,0,1,['Autism_Parenting']
One-Two-Three-456,1,0,1,['Autism_Parenting']
Obvious_Owl_4634,12,0,12,['Autism_Parenting']
Former-Ad706,10,0,10,['Autism_Parenting']
lyranavi,3,0,3,['Autism_Parenting']
Trifecta_life,5,0,5,['Autism_Parenting']
Oz_of_Three,1,0,1,['Autism_Parenting']
Zodep,1,0,1,['Autism_Parenting']
Ronnaga,1,0,1,['Autism_Parenting']
CoffeeOatmilkBubble,4,0,4,['Autism_Parenting']
Mountain_Air1544,3,0,3,['Autism_Parenting']
Acceptable_Citrus,10,0,10,['Autism_Parenting']
NegativeNellyEll,2,0,2,['Autism_Parenting']
CovidDodger,2,0,2,['Autism_Parenting']
journeyfromone,10,0,10,['Autism_Parenting']
Flaky-Addendum-3328,1,0,1,['Autism_Parenting']
Ok_Device5145,2,0,2,['Autism_Parenting']
whyamionhearagain,6,0,6,['Autism_Parenting']
realitytvismytherapy,4,0,4,['Autism_Parenting']
Adventurous_Meal7054,1,0,1,['Autism_Parenting']
Louisianaflavor,3,0,3,['Autism_Parenting']
waznikg,3,0,3,['Autism_Parenting']
HidingWithBigFoot,2,0,2,['Autism_Parenting']
Mujer_Arania,1,0,1,['Autism_Parenting']
081108272918,7,0,7,['Autism_Parenting']
Fritemare,7,0,7,['Autism_Parenting']
No_Log3360,2,0,2,['Autism_Parenting']
ExigentCalm,1,0,1,['Autism_Parenting']
Ermnothanx,1,0,1,['Autism_Parenting']
LeastBlackberry1,21,0,21,['Autism_Parenting']
heartvolunteer99,2,0,2,['Autism_Parenting']
Standard-Trade-2622,2,0,2,['Autism_Parenting']
echointexas,1,0,1,['Autism_Parenting']
murphyholmes,11,0,11,['Autism_Parenting']
Countdown2Deletion_,2,0,2,['Autism_Parenting']
Beginning-Ostrich104,7,0,7,['Autism_Parenting']
Helpful_Candidate_92,2,0,2,['Autism_Parenting']
QweenKush420,9,0,9,['Autism_Parenting']
Whut4,2,0,2,['Autism_Parenting']
CantSleepNowOnReddit,1,0,1,['Autism_Parenting']
SoraNC,19,0,19,['Autism_Parenting']
OldKindheartedness73,1,0,1,['Autism_Parenting']
PiesAteMyFace,48,0,48,['Autism_Parenting']
roreoc,1,0,1,['Autism_Parenting']
WE_ARE_YOUR_FRIENDS,1,0,1,['Autism_Parenting']
mrsdoubleu,1,0,1,['Autism_Parenting']
MagnoliaProse,10,0,10,['Autism_Parenting']
spamellama,2,0,2,['Autism_Parenting']
SeriesMindless,2,0,2,['Autism_Parenting']
KingfieldMama,1,0,1,['Autism_Parenting']
Grendelbeans,1,0,1,['Autism_Parenting']
andicuri_09,3,0,3,['Autism_Parenting']
Unhappy_Entertainer9,1,0,1,['Autism_Parenting']
FatFatDaWaterRat,3,0,3,['Autism_Parenting']
deadpanmoonman,1,0,1,['Autism_Parenting']
purplebabybat,2,0,2,['Autism_Parenting']
cammama,2,0,2,['Autism_Parenting']
DSPT2000,1,0,1,['Autism_Parenting']
MaouRex,1,0,1,['Autism_Parenting']
Prestigious_Bee_4154,5,0,5,['Autism_Parenting']
Ran-Dizzy123,1,0,1,['Autism_Parenting']
caprese_queen,1,0,1,['Autism_Parenting']
Tinfoilhartypat,1,0,1,['Autism_Parenting']
ChaucersDuchess,9,0,9,['Autism_Parenting']
Organic-lab-,17,0,17,['Autism_Parenting']
SpankyRoberts18,3,0,3,['Autism_Parenting']
Fuzzy-Pea-8794,7,0,7,['Autism_Parenting']
HalfaMan711,1,0,1,['Autism_Parenting']
beearlystaylate,2,0,2,['Autism_Parenting']
DaughterWifeMum,8,0,8,['Autism_Parenting']
DJSoapdish,3,0,3,['Autism_Parenting']
C_L_I_C_K_,3,0,3,['Autism_Parenting']
foxkit87,8,0,8,['Autism_Parenting']
mrthinkstoomuch,1,0,1,['Autism_Parenting']
Ashesbro,1,0,1,['Autism_Parenting']
Technical-Brief-7394,1,0,1,['Autism_Parenting']
Suitable-Onion2406,1,0,1,['Autism_Parenting']
artorianscribe,3,0,3,['Autism_Parenting']
Tveeckk11,1,0,1,['Autism_Parenting']
Taoistandroid,3,0,3,['Autism_Parenting']
Giftgenieexpress,2,0,2,['Autism_Parenting']
crwalle,4,0,4,['Autism_Parenting']
ExtremeAd7729,16,0,16,['Autism_Parenting']
espressogoblin,1,0,1,['Autism_Parenting']
tokoloshe_noms_toes,7,0,7,['Autism_Parenting']
EmmerdoesNOTrepme,14,0,14,['Autism_Parenting']
No-Spirit94,2,0,2,['Autism_Parenting']
anim0sitee,1,0,1,['Autism_Parenting']
GeminiWhoAmI,1,0,1,['Autism_Parenting']
EveryMinuteOfIt,2,0,2,['Autism_Parenting']
Own_bobber_04,2,0,2,['Autism_Parenting']
Beautiful-Ad-2227,4,0,4,['Autism_Parenting']
Anxious_Resistance,1,0,1,['Autism_Parenting']
Waste-Football2311,2,0,2,['Autism_Parenting']
se7ensights,1,0,1,['Autism_Parenting']
Meghan_Dosil,1,0,1,['Autism_Parenting']
Sexogenesis,1,0,1,['Autism_Parenting']
Hunter7317,1,0,1,['Autism_Parenting']
Radiant-Bit6386,1,0,1,['Autism_Parenting']
AssistantTough4728,1,0,1,['Autism_Parenting']
TinHawk,11,0,11,['Autism_Parenting']
dancehoebot,4,0,4,['Autism_Parenting']
scubble_bubble,1,0,1,['Autism_Parenting']
Flat-Count9193,5,0,5,['Autism_Parenting']
Cozygamer92,1,0,1,['Autism_Parenting']
LadyNiltiak,2,0,2,['Autism_Parenting']
sboz317,2,0,2,['Autism_Parenting']
dr_badunkachud,2,0,2,['Autism_Parenting']
Ambitious_Egg9713,2,0,2,['Autism_Parenting']
Trysta1217,7,0,7,['Autism_Parenting']
Makiez,1,0,1,['Autism_Parenting']
Comfortable-Ride507,2,0,2,['Autism_Parenting']
wordsandwildflowers,1,0,1,['Autism_Parenting']
2katsinatrenchcoat,1,0,1,['Autism_Parenting']
Evil_Weevill,7,0,7,['Autism_Parenting']
plantlover415,2,0,2,['Autism_Parenting']
No_Zombie2021,2,0,2,['Autism_Parenting']
CivilSomewhere000,4,0,4,['Autism_Parenting']
Complete_Web_962,3,0,3,['Autism_Parenting']
Vjuja,5,0,5,['Autism_Parenting']
milliedough,3,0,3,['Autism_Parenting']
hgwe2978,3,0,3,['Autism_Parenting']
look_ima_frog,1,0,1,['Autism_Parenting']
Its_Thundering_23,1,0,1,['Autism_Parenting']
Ok-Mark-1915,3,0,3,['Autism_Parenting']
tiniebot808,3,0,3,['Autism_Parenting']
RightAttorney9887,1,0,1,['Autism_Parenting']
Impossible_Parfait96,2,0,2,['Autism_Parenting']
False_Gift8664,5,0,5,['Autism_Parenting']
prodyg,1,0,1,['Autism_Parenting']
AdAlternative4143,2,0,2,['Autism_Parenting']
chuckisde4d,2,0,2,['Autism_Parenting']
PeanutNo7337,9,0,9,['Autism_Parenting']
StitchWitch9000,2,0,2,['Autism_Parenting']
passiongreentea,2,0,2,['Autism_Parenting']
mkane2958,2,0,2,['Autism_Parenting']
callmepeglet,1,0,1,['Autism_Parenting']
Soft-Village-721,6,0,6,['Autism_Parenting']
Jaded_Apple_8935,2,0,2,['Autism_Parenting']
Lonely-Pea-9753,3,0,3,['Autism_Parenting']
smutmonsta,3,0,3,['Autism_Parenting']
Meowticusx,1,0,1,['Autism_Parenting']
kassail,1,0,1,['Autism_Parenting']
KesTheHammer,1,0,1,['Autism_Parenting']
jmmath,1,0,1,['Autism_Parenting']
Less_Appointment_355,3,0,3,['Autism_Parenting']
ggkoukla,1,0,1,['Autism_Parenting']
nugg-a-lugg,1,0,1,['Autism_Parenting']
faithingerard,2,0,2,['Autism_Parenting']
ase_like_ace,1,0,1,['Autism_Parenting']
matt585858,1,0,1,['Autism_Parenting']
nemesis55,4,0,4,['Autism_Parenting']
brilliantlyUnhinged,1,0,1,['Autism_Parenting']
Objective-Soft4116,6,0,6,['Autism_Parenting']
i-was-here-too,8,0,8,['Autism_Parenting']
87broseidon,1,0,1,['Autism_Parenting']
friedbrice,12,0,12,['Autism_Parenting']
Bookdragon345,4,0,4,['Autism_Parenting']
birdydeegee4,1,0,1,['Autism_Parenting']
Kerborus,1,0,1,['Autism_Parenting']
Klutzy_Horror409,3,0,3,['Autism_Parenting']
SWOsome,1,0,1,['Autism_Parenting']
Sensitive_Tough1265,2,0,2,['Autism_Parenting']
proud2Basnowflake,1,0,1,['Autism_Parenting']
desiladygamer84,3,0,3,['Autism_Parenting']
Capes_for_Apes,1,0,1,['Autism_Parenting']
lisamarie330,3,0,3,['Autism_Parenting']
Randy_Online,1,0,1,['Autism_Parenting']
confusedcptsd,1,0,1,['Autism_Parenting']
luckymomof1,1,0,1,['Autism_Parenting']
Mick1187,1,0,1,['Autism_Parenting']
meepmorpbop,3,0,3,['Autism_Parenting']
moltenrhino,11,0,11,['Autism_Parenting']
rosegoldliner,4,0,4,['Autism_Parenting']
Cultural-Day-6096,1,0,1,['Autism_Parenting']
Momma-Writer-Prof21,1,0,1,['Autism_Parenting']
TicoTicoNoFuba,4,0,4,['Autism_Parenting']
JessieU22,2,0,2,['Autism_Parenting']
Upstairs-Pineapple31,1,0,1,['Autism_Parenting']
PlaneKaleidoscope613,1,0,1,['Autism_Parenting']
Decembergardener,2,0,2,['Autism_Parenting']
IntrepidYou1990,1,0,1,['Autism_Parenting']
Nearby_Plate_5939,1,0,1,['Autism_Parenting']
LipstickLikeWarPaint,1,0,1,['Autism_Parenting']
BenevolentMangosteen,7,0,7,['Autism_Parenting']
Decent-Confusion-210,4,0,4,['Autism_Parenting']
RunTheBull13,1,0,1,['Autism_Parenting']
squishy_silt,2,0,2,['Autism_Parenting']
VeniVidiVulva,1,0,1,['Autism_Parenting']
Mstonemommaof2,7,0,7,['Autism_Parenting']
Froggyhoppin,1,0,1,['Autism_Parenting']
Shigeko_Kageyama,19,0,19,['Autism_Parenting']
Extension-Airport-65,1,0,1,['Autism_Parenting']
Amazing_Pay7808,1,0,1,['Autism_Parenting']
next_level_mom,6,0,6,['Autism_Parenting']
SignificanceNo3580,3,0,3,['Autism_Parenting']
SausageBeds,3,0,3,['Autism_Parenting']
PM_ME_GLUTE_SPREAD,2,0,2,['Autism_Parenting']
Due-Strawberry9035,1,0,1,['Autism_Parenting']
mum0120,1,0,1,['Autism_Parenting']
photography-raptor84,6,0,6,['Autism_Parenting']
Chemical-Special1171,3,0,3,['Autism_Parenting']
Eastclare,6,0,6,['Autism_Parenting']
Shell_N_Cheese,19,0,19,['Autism_Parenting']
chawrawbeef,4,0,4,['Autism_Parenting']
Canes4life82,1,0,1,['Autism_Parenting']
AffectionateSun3499,1,0,1,['Autism_Parenting']
Psychological_Rock_2,2,0,2,['Autism_Parenting']
lush_rational,4,0,4,['Autism_Parenting']
Double_Perception763,1,0,1,['Autism_Parenting']
GlitterBirb,13,0,13,['Autism_Parenting']
Acceptable-Heat-3419,4,0,4,['Autism_Parenting']
AssToAssassin,2,0,2,['Autism_Parenting']
eggsbeenadick,1,0,1,['Autism_Parenting']
a_lot_of_cables,5,0,5,['Autism_Parenting']
Ok_Sheepherder265,1,0,1,['Autism_Parenting']
Murky-Possible-7052,1,0,1,['Autism_Parenting']
MamaPutz,4,0,4,['Autism_Parenting']
GAB78,3,0,3,['Autism_Parenting']
throwaway2021june1,1,0,1,['Autism_Parenting']
goosejail,31,0,31,['Autism_Parenting']
sunnynina,1,0,1,['Autism_Parenting']
NoooooobodyCares,2,0,2,['Autism_Parenting']
ninhursagswhim,1,0,1,['Autism_Parenting']
deformo,3,0,3,['Autism_Parenting']
Hubb1e,2,0,2,['Autism_Parenting']
mroocow,1,0,1,['Autism_Parenting']
Dietrootbeer4ever,2,0,2,['Autism_Parenting']
gasstationboyfriend,6,0,6,['Autism_Parenting']
Mamasan-,2,0,2,['Autism_Parenting']
Md655321,1,0,1,['Autism_Parenting']
snowbunnyA2Z,1,0,1,['Autism_Parenting']
dictionarydinosaur,2,0,2,['Autism_Parenting']
megs1784,2,0,2,['Autism_Parenting']
Phoenix_Fireball,2,0,2,['Autism_Parenting']
Low-Guard-1820,1,0,1,['Autism_Parenting']
Unlucky-Assist8714,3,0,3,['Autism_Parenting']
CampaignImportant28,9,0,9,['Autism_Parenting']
Illustrious-Ask5614,1,0,1,['Autism_Parenting']
Heavy_Amphibian_2960,1,0,1,['Autism_Parenting']
Subject-Narwhal5153,2,0,2,['Autism_Parenting']
DiscoGoats,1,0,1,['Autism_Parenting']
fuzzyfuu,2,0,2,['Autism_Parenting']
LeafyLustere,2,0,2,['Autism_Parenting']
Distinct-Reason4735,2,0,2,['Autism_Parenting']
Shot_Psychology5895,2,0,2,['Autism_Parenting']
free_username91,9,0,9,['Autism_Parenting']
reddit_or_not,5,0,5,['Autism_Parenting']
jettwilliamson,1,0,1,['Autism_Parenting']
Complete_Loss1895,15,0,15,['Autism_Parenting']
ANewHopelessReviewer,3,0,3,['Autism_Parenting']
penotrera,1,0,1,['Autism_Parenting']
SaltyHairSandyFeet,1,0,1,['Autism_Parenting']
dislokate,1,0,1,['Autism_Parenting']
AK_kittygirl,1,0,1,['Autism_Parenting']
Fred-ditor,14,0,14,['Autism_Parenting']
Platitude_Platypus,4,0,4,['Autism_Parenting']
Diligent-Ad-5979,2,0,2,['Autism_Parenting']
Marz2604,1,0,1,['Autism_Parenting']
VirgieRichmond,1,0,1,['Autism_Parenting']
alien7turkey,2,0,2,['Autism_Parenting']
fresitachulita,7,0,7,['Autism_Parenting']
luda54321,2,0,2,['Autism_Parenting']
FunEcho4739,1,0,1,['Autism_Parenting']
Weekly-Act-3132,17,0,17,['Autism_Parenting']
BidInteresting4105,4,0,4,['Autism_Parenting']
Misuteriisakka,2,0,2,['Autism_Parenting']
Important-Advice-121,2,0,2,['Autism_Parenting']
Reading_and_Cruising,1,0,1,['Autism_Parenting']
jwrotnowski,1,0,1,['Autism_Parenting']
Odd-Surround814,7,0,7,['Autism_Parenting']
PestisJustinian,1,0,1,['Autism_Parenting']
LadySempervirens,1,0,1,['Autism_Parenting']
Xaveofalltrades,4,0,4,['Autism_Parenting']
OrdinaryMe345,18,0,18,['Autism_Parenting']
bloodybutunbowed,6,0,6,['Autism_Parenting']
SeeShortcutMcgee,3,0,3,['Autism_Parenting']
sabdur200,1,0,1,['Autism_Parenting']
SpotsylvaniaVAjj,1,0,1,['Autism_Parenting']
Candid_Island_5280,1,0,1,['Autism_Parenting']
ourladyofwhatever,2,0,2,['Autism_Parenting']
danicies,3,0,3,['Autism_Parenting']
WaifuOfBath,10,0,10,['Autism_Parenting']
SuperTFAB,10,0,10,['Autism_Parenting']
Paisley_feb,2,0,2,['Autism_Parenting']
Pandasami,3,0,3,['Autism_Parenting']
Capable-Active1656,3,0,3,['Autism_Parenting']
South_Tomatillo_8630,6,0,6,['Autism_Parenting']
Smalls_46,1,0,1,['Autism_Parenting']
paiaw,2,0,2,['Autism_Parenting']
theganggetsmtg,1,0,1,['Autism_Parenting']
No_Music1509,2,0,2,['Autism_Parenting']
Historical-Mark3954,1,0,1,['Autism_Parenting']
Infinite-Touch5154,2,0,2,['Autism_Parenting']
TurbulentAd6042,1,0,1,['Autism_Parenting']
thrashtastical,2,0,2,['Autism_Parenting']
Needleworker-Both,13,0,13,['Autism_Parenting']
missykins8472,10,0,10,['Autism_Parenting']
WinterSnowFrost,1,0,1,['Autism_Parenting']
WillaElliot,4,0,4,['Autism_Parenting']
MountRoseATP,5,0,5,['Autism_Parenting']
Gretel_Cosmonaut,9,0,9,['Autism_Parenting']
Equivalent_Sport7461,1,0,1,['Autism_Parenting']
Ripley-Lancaster,2,0,2,['Autism_Parenting']
ryanmi,8,0,8,['Autism_Parenting']
Digitalis_Mertonesis,1,0,1,['Autism_Parenting']
Flour_Wall,1,0,1,['Autism_Parenting']
lonewolf_rt,1,0,1,['Autism_Parenting']
Selsia6,3,0,3,['Autism_Parenting']
mh98877,1,0,1,['Autism_Parenting']
Starbuck06,2,0,2,['Autism_Parenting']
SmkSkreen,1,0,1,['Autism_Parenting']
jjt678,1,0,1,['Autism_Parenting']
tuneupyourdobro,1,0,1,['Autism_Parenting']
SelenaBe,1,0,1,['Autism_Parenting']
miss_always,1,0,1,['Autism_Parenting']
waterlily92,5,0,5,['Autism_Parenting']
Final-Exam9000,4,0,4,['Autism_Parenting']
Technical_Credit9664,3,0,3,['Autism_Parenting']
AgentUnknown821,1,0,1,['Autism_Parenting']
Erutious,2,0,2,['Autism_Parenting']
Flimsy-Brilliant9290,2,0,2,['Autism_Parenting']
Minute-Surround202,1,0,1,['Autism_Parenting']
trashycajun,4,0,4,['Autism_Parenting']
Mrog,3,0,3,['Autism_Parenting']
Grimwitxch,2,0,2,['Autism_Parenting']
CandidGlitter,1,0,1,['Autism_Parenting']
Adorable_Misfit,1,0,1,['Autism_Parenting']
rock-da-puss,1,0,1,['Autism_Parenting']
Representative-Luck4,1,0,1,['Autism_Parenting']
igloo1234,1,0,1,['Autism_Parenting']
rpgmomma8404,1,0,1,['Autism_Parenting']
gamazarus,1,0,1,['Autism_Parenting']
moocowmanor,1,0,1,['Autism_Parenting']
meli8110,1,0,1,['Autism_Parenting']
AronConte707,3,0,3,['Autism_Parenting']
lime_green_turtles,2,0,2,['Autism_Parenting']
Dahlia200,1,0,1,['Autism_Parenting']
YimaBima2486,1,0,1,['Autism_Parenting']
Fuzzy_farcical,1,0,1,['Autism_Parenting']
Bookishmum,1,0,1,['Autism_Parenting']
Minute_Parfait_9752,5,0,5,['Autism_Parenting']
thunderboy13,2,0,2,['Autism_Parenting']
itsnotanemergencybut,3,0,3,['Autism_Parenting']
Falstaff_Fakir,1,0,1,['Autism_Parenting']
StarsofSobek,3,0,3,['Autism_Parenting']
Rather-Be-Dreaming,3,0,3,['Autism_Parenting']
InternationalPlum424,1,0,1,['Autism_Parenting']
Environmental-Eye988,1,0,1,['Autism_Parenting']
Realist_being,1,0,1,['Autism_Parenting']
I0-0l,1,0,1,['Autism_Parenting']
bitchwifer,1,0,1,['Autism_Parenting']
gentlynavigating,29,0,29,['Autism_Parenting']
Fresh_Refrigerator96,1,0,1,['Autism_Parenting']
Miyo22,7,0,7,['Autism_Parenting']
pt2ptcorrespondence,4,0,4,['Autism_Parenting']
bglampe,3,0,3,['Autism_Parenting']
ImprobableShip,1,0,1,['Autism_Parenting']
LadyPhantomflowers,1,0,1,['Autism_Parenting']
shartlicker555,1,0,1,['Autism_Parenting']
Cautious_Ad_3909,5,0,5,['Autism_Parenting']
Hope_for_tendies,7,0,7,['Autism_Parenting']
jobabin4,5,0,5,['Autism_Parenting']
sugarnovarex,2,0,2,['Autism_Parenting']
Zealousideal-Ad-9666,1,0,1,['Autism_Parenting']
KrakkenO,2,0,2,['Autism_Parenting']
almostalaska25,1,0,1,['Autism_Parenting']
putbat,1,0,1,['Autism_Parenting']
jessi_g9,2,0,2,['Autism_Parenting']
IHaveOldKnees,22,0,22,['Autism_Parenting']
Superb_Option_4445,1,0,1,['Autism_Parenting']
KinggManiax,2,0,2,['Autism_Parenting']
cherrybeebop,1,0,1,['Autism_Parenting']
manmachine87,3,0,3,['Autism_Parenting']
dani_-_142,7,0,7,['Autism_Parenting']
Ok_Acanthisitta_948,1,0,1,['Autism_Parenting']
yallaaah,2,0,2,['Autism_Parenting']
WasteInitiative1077,1,0,1,['Autism_Parenting']
HearseWithNoName,4,0,4,['Autism_Parenting']
catbus1066,3,0,3,['Autism_Parenting']
Erindanyele,4,0,4,['Autism_Parenting']
Crotchetylilkitten,2,0,2,['Autism_Parenting']
FirstEntrepreneur740,2,0,2,['Autism_Parenting']
the-peregrina,1,0,1,['Autism_Parenting']
Bwitchin13,1,0,1,['Autism_Parenting']
OtherOlive797,2,0,2,['Autism_Parenting']
Frequent_Read_7636,1,0,1,['Autism_Parenting']
New_Second_7580,2,0,2,['Autism_Parenting']
Hasanati,1,0,1,['Autism_Parenting']
TheKidsAreAsleep,1,0,1,['Autism_Parenting']
IdentifyAsUnbannable,2,0,2,['Autism_Parenting']
arlyte,4,0,4,['Autism_Parenting']
PersonalityLive8204,2,0,2,['Autism_Parenting']
djtelvideos,1,0,1,['Autism_Parenting']
jpguerriero,1,0,1,['Autism_Parenting']
Worried_Original261,2,0,2,['Autism_Parenting']
Yarnprincess614,2,0,2,['Autism_Parenting']
Sunnydcutiegirl,1,0,1,['Autism_Parenting']
Electrical_Thing4964,8,0,8,['Autism_Parenting']
Clear_Effective_748,1,0,1,['Autism_Parenting']
Human-Nature-3216,3,0,3,['Autism_Parenting']
No-Illustrator8658,2,0,2,['Autism_Parenting']
kendylou,1,0,1,['Autism_Parenting']
Ok-Middle8385,1,0,1,['Autism_Parenting']
MadameMalia,1,0,1,['Autism_Parenting']
Illustrious_Load_633,1,0,1,['Autism_Parenting']
AZWickedSS,3,0,3,['Autism_Parenting']
Imaginary_Phone7287,2,0,2,['Autism_Parenting']
BittyBird22,3,0,3,['Autism_Parenting']
Tall-Fennel-7857,6,0,6,['Autism_Parenting']
wadude,1,0,1,['Autism_Parenting']
Legal-Yogurtcloset52,13,0,13,['Autism_Parenting']
melvet22,2,0,2,['Autism_Parenting']
Angiex2501,5,0,5,['Autism_Parenting']
Inside-Conflict-9313,8,0,8,['Autism_Parenting']
bobbykreu,1,0,1,['Autism_Parenting']
Stephanyjpeg,1,0,1,['Autism_Parenting']
stellybells,1,0,1,['Autism_Parenting']
Same_Past_9532,1,0,1,['Autism_Parenting']
Due-Willingness,1,0,1,['Autism_Parenting']
IndigoFlame90,3,0,3,['Autism_Parenting']
Classic-Arugula2994,7,0,7,['Autism_Parenting']
Szublimat,1,0,1,['Autism_Parenting']
Dhugaill,1,0,1,['Autism_Parenting']
Brilliant-Pin-2797,2,0,2,['Autism_Parenting']
Great-Donkey-616,1,0,1,['Autism_Parenting']
dirtyintern17,1,0,1,['Autism_Parenting']
DondaddaBlow,1,0,1,['Autism_Parenting']
Sunrise-n-the-south,3,0,3,['Autism_Parenting']
lizbohn,2,0,2,['Autism_Parenting']
Fairygodmother414,2,0,2,['Autism_Parenting']
hegelianhimbo,2,0,2,['Autism_Parenting']
Significant-Use-533,1,0,1,['Autism_Parenting']
Kinabonita,2,0,2,['Autism_Parenting']
WhichAccess3410,2,0,2,['Autism_Parenting']
Fluid-Drawer-9500,1,0,1,['Autism_Parenting']
goldenbearpilot,1,0,1,['Autism_Parenting']
Cruelintenti0ns,1,0,1,['Autism_Parenting']
red_raconteur,7,0,7,['Autism_Parenting']
PodLady,1,0,1,['Autism_Parenting']
TXreel,6,0,6,['Autism_Parenting']
strugglebuscentral,2,0,2,['Autism_Parenting']
Neither-Ad1321,1,0,1,['Autism_Parenting']
jrodshibuya,4,0,4,['Autism_Parenting']
Alphawolf2026,3,0,3,['Autism_Parenting']
meliciousxp,3,0,3,['Autism_Parenting']
Opening_Passion_7541,4,0,4,['Autism_Parenting']
kelkelrb,1,0,1,['Autism_Parenting']
Connect-Direction-90,2,0,2,['Autism_Parenting']
Restingbitchyfacee,4,0,4,['Autism_Parenting']
LadyGreyofStNacho,2,0,2,['Autism_Parenting']
savysavage23,2,0,2,['Autism_Parenting']
jsmama2019,5,0,5,['Autism_Parenting']
Sn1p3rK1tt3h,1,0,1,['Autism_Parenting']
mamatobee21,1,0,1,['Autism_Parenting']
126leaves,1,0,1,['Autism_Parenting']
Adventurous_Day1564,7,0,7,['Autism_Parenting']
Conscious-Cow5442,3,0,3,['Autism_Parenting']
anythingbuthelpful08,1,0,1,['Autism_Parenting']
nothinworsecanhappen,2,0,2,['Autism_Parenting']
2MountainsOverBeach,1,0,1,['Autism_Parenting']
exploreamore,1,0,1,['Autism_Parenting']
PatientActuator6195,5,0,5,['Autism_Parenting']
AccomplishedYam6283,6,0,6,['Autism_Parenting']
gijuts,3,0,3,['Autism_Parenting']
Space-Cadet9999,2,0,2,['Autism_Parenting']
Acceptable-Bug-5885,7,0,7,['Autism_Parenting']
Social_Stud135,1,0,1,['Autism_Parenting']
hokoonchi,1,0,1,['Autism_Parenting']
Shot-Economist7073,2,0,2,['Autism_Parenting']
Miss_Advice,1,0,1,['Autism_Parenting']
NorthernLove1,11,0,11,['Autism_Parenting']
slidedeck,1,0,1,['Autism_Parenting']
eighteen_brumaire,6,0,6,['Autism_Parenting']
Gold_Journalist_2869,1,0,1,['Autism_Parenting']
BadMutherCusser,1,0,1,['Autism_Parenting']
Responsible_Fun_4818,1,0,1,['Autism_Parenting']
WillingnessTall9761,1,0,1,['Autism_Parenting']
NerdyNiche,4,0,4,['Autism_Parenting']
FrankDees,1,0,1,['Autism_Parenting']
TheGratitudeBot,1,0,1,['Autism_Parenting']
EnvironmentalSinger1,1,0,1,['Autism_Parenting']
Knob69,4,0,4,['Autism_Parenting']
Fluid-Power-3227,8,0,8,['Autism_Parenting']
Most_Complex641,3,0,3,['Autism_Parenting']
malignifier,1,0,1,['Autism_Parenting']
O-M3GA1u1,1,0,1,['Autism_Parenting']
nsfw-throwaway-123,2,0,2,['Autism_Parenting']
Catwails,1,0,1,['Autism_Parenting']
eloweasy,2,0,2,['Autism_Parenting']
ResponsibleTwo7987,1,0,1,['Autism_Parenting']
Sure-Day-6651,1,0,1,['Autism_Parenting']
Glittering-Fee-3827,1,0,1,['Autism_Parenting']
kernal1337,1,0,1,['Autism_Parenting']
Reasonable_Ad4265,1,0,1,['Autism_Parenting']
Kay_michelle08,1,0,1,['Autism_Parenting']
ArtemisAxV,2,0,2,['Autism_Parenting']
Far_Ruin_2890,4,0,4,['Autism_Parenting']
sappire12,1,0,1,['Autism_Parenting']
MargaretHaleThornton,4,0,4,['Autism_Parenting']
armyprof,2,0,2,['Autism_Parenting']
cloudiedayz,1,0,1,['Autism_Parenting']
Green-Masterpiece42,1,0,1,['Autism_Parenting']
tinagetyourham,1,0,1,['Autism_Parenting']
CordeliaTheRedQueen,1,0,1,['Autism_Parenting']
Vixxannie,1,0,1,['Autism_Parenting']
jaded-introvert,1,0,1,['Autism_Parenting']
TaraxacumTheRich,3,0,3,['Autism_Parenting']
seriouslysocks,2,0,2,['Autism_Parenting']
PrincessSolo,7,0,7,['Autism_Parenting']
gilmore_on_mayberry,1,0,1,['Autism_Parenting']
cursingthevoid,1,0,1,['Autism_Parenting']
twinkerbell96,1,0,1,['Autism_Parenting']
EIO_tripletmom,1,0,1,['Autism_Parenting']
StrahdVonZarovick,3,0,3,['Autism_Parenting']
TimedDelivery,4,0,4,['Autism_Parenting']
Nyri,1,0,1,['Autism_Parenting']
book_of_black_dreams,4,0,4,['Autism_Parenting']
Awkwardlyhugged,1,0,1,['Autism_Parenting']
Polarchuck,1,0,1,['Autism_Parenting']
143019,32,0,32,['Autism_Parenting']
Mess1na,18,0,18,['Autism_Parenting']
OnceInABlueMoon,6,0,6,['Autism_Parenting']
Striking_Contract467,2,0,2,['Autism_Parenting']
Defiant-Put-3016,1,0,1,['Autism_Parenting']
pdxamish,2,0,2,['Autism_Parenting']
Sharp-Try4922,1,0,1,['Autism_Parenting']
Easy_Initial1026,1,0,1,['Autism_Parenting']
Competitive-Lab-5742,1,0,1,['Autism_Parenting']
Little-Blueberry-968,2,0,2,['Autism_Parenting']
Fantastic-Repair8280,2,0,2,['Autism_Parenting']
New_Contribution5413,6,0,6,['Autism_Parenting']
IntrovertedMermaid,1,0,1,['Autism_Parenting']
Significant_Tax9414,6,0,6,['Autism_Parenting']
ARODtheMrs,1,0,1,['Autism_Parenting']
UnlikelyHighlight002,1,0,1,['Autism_Parenting']
49043666,3,0,3,['Autism_Parenting']
apmemo01,1,0,1,['Autism_Parenting']
offutmihigramina,3,0,3,['Autism_Parenting']
phenol,1,0,1,['Autism_Parenting']
NJBarbieGirl,2,0,2,['Autism_Parenting']
Irocroo,9,0,9,['Autism_Parenting']
user38383899,3,0,3,['Autism_Parenting']
mutantmanifesto,3,0,3,['Autism_Parenting']
Ilovebeingdad,1,0,1,['Autism_Parenting']
Lipscombforever,2,0,2,['Autism_Parenting']
NinjaWarrior78,5,0,5,['Autism_Parenting']
mapolaso,1,0,1,['Autism_Parenting']
joljenni1717,2,0,2,['Autism_Parenting']
Curious-Cold-7382,2,0,2,['Autism_Parenting']
Gshdbkf,1,0,1,['Autism_Parenting']
sparklychestnut,2,0,2,['Autism_Parenting']
Thin-Victory-9124,1,0,1,['Autism_Parenting']
Lissa86,5,0,5,['Autism_Parenting']
TwinIronBlood,1,0,1,['Autism_Parenting']
queenofdiscs,1,0,1,['Autism_Parenting']
Thrwwy747,3,0,3,['Autism_Parenting']
t3khole,3,0,3,['Autism_Parenting']
Turbulent-Feedback46,1,0,1,['Autism_Parenting']
Plenty-Emu-7668,1,0,1,['Autism_Parenting']
bicyclecat,6,0,6,['Autism_Parenting']
ihearprettycolors,3,0,3,['Autism_Parenting']
ekim2077,3,0,3,['Autism_Parenting']
Dense-Point7548,1,0,1,['Autism_Parenting']
ScepterOfTheAncient1,1,0,1,['Autism_Parenting']
MynameisMarsh,1,0,1,['Autism_Parenting']
nothanks86,7,0,7,['Autism_Parenting']
DepartureNegative479,8,0,8,['Autism_Parenting']
LunaStye,3,0,3,['Autism_Parenting']
Mpbear1414,2,0,2,['Autism_Parenting']
happyjankywhat,1,0,1,['Autism_Parenting']
Autism_Parenting-ModTeam,21,0,21,['Autism_Parenting']
Zasha786,4,0,4,['Autism_Parenting']
plantgeekmom,1,0,1,['Autism_Parenting']
sentient_twine,1,0,1,['Autism_Parenting']
VonGrinder,5,0,5,['Autism_Parenting']
Glum-Control-996,3,0,3,['Autism_Parenting']
Complete-Finding-712,6,0,6,['Autism_Parenting']
twelvegreenapples,1,0,1,['Autism_Parenting']
Ornery-Trick9117,1,0,1,['Autism_Parenting']
Ok-Stock3766,3,0,3,['Autism_Parenting']
muffetuffet,1,0,1,['Autism_Parenting']
signupforthesignups,4,0,4,['Autism_Parenting']
ociagds,1,0,1,['Autism_Parenting']
stephelan,5,0,5,['Autism_Parenting']
paintedpmagic,4,0,4,['Autism_Parenting']
lacionredditor,2,0,2,['Autism_Parenting']
Lizziloo87,5,0,5,['Autism_Parenting']
Mediocre_Agency3902,3,0,3,['Autism_Parenting']
kt0723,1,0,1,['Autism_Parenting']
Few-Cow6591,1,0,1,['Autism_Parenting']
seardsleaches,1,0,1,['Autism_Parenting']
rye-ten,1,0,1,['Autism_Parenting']
PurpleMint7,2,0,2,['Autism_Parenting']
beautifulasusual,1,0,1,['Autism_Parenting']
MissAnthropy612,5,0,5,['Autism_Parenting']
LivingInMakeBelieve,1,0,1,['Autism_Parenting']
AgentDagonet,3,0,3,['Autism_Parenting']
htoor7,1,0,1,['Autism_Parenting']
NeverSayNeverFeona,10,0,10,['Autism_Parenting']
Jumpy_Presence_7029,21,0,21,['Autism_Parenting']
ExtensionRecipe9467,1,0,1,['Autism_Parenting']
ShieldMama68,1,0,1,['Autism_Parenting']
AnonymooseRedditor,1,0,1,['Autism_Parenting']
star-brry,3,0,3,['Autism_Parenting']
lisbtojordan,1,0,1,['Autism_Parenting']
mysonshinesforever,1,0,1,['Autism_Parenting']
carojp84,6,0,6,['Autism_Parenting']
kc3x,2,0,2,['Autism_Parenting']
chesire0myles,5,0,5,['Autism_Parenting']
nafrotitie,2,0,2,['Autism_Parenting']
breannabanana7,1,0,1,['Autism_Parenting']
Ok-Draw-6548,1,0,1,['Autism_Parenting']
Lilsammywinchester13,22,0,22,['Autism_Parenting']
ImportantSprinkles83,6,0,6,['Autism_Parenting']
CoffeeAndMilki,2,0,2,['Autism_Parenting']
captainbkfire82,3,0,3,['Autism_Parenting']
eatrocksalone,2,0,2,['Autism_Parenting']
Difficult_Aerie4274,1,0,1,['Autism_Parenting']
Spiritual_Project_94,1,0,1,['Autism_Parenting']
dirtyenvelopes,2,0,2,['Autism_Parenting']
NAPWY,2,0,2,['Autism_Parenting']
imalreadydead123,2,0,2,['Autism_Parenting']
xjane15,1,0,1,['Autism_Parenting']
Unperfectbeautie,5,0,5,['Autism_Parenting']
Puckiepie,1,0,1,['Autism_Parenting']
Savings-Hope-6644,1,0,1,['Autism_Parenting']
Jessiebilly-1877,1,0,1,['Autism_Parenting']
CurvyNerdMom86,4,0,4,['Autism_Parenting']
PennyCoppersmyth,5,0,5,['Autism_Parenting']
foodisnomnom,1,0,1,['Autism_Parenting']
LionQueen82,2,0,2,['Autism_Parenting']
hokieval,7,0,7,['Autism_Parenting']
NoCobbler8090,1,0,1,['Autism_Parenting']
Risk-Adorable,1,0,1,['Autism_Parenting']
210MCM91,1,0,1,['Autism_Parenting']
Due_Cobbler_6631,4,0,4,['Autism_Parenting']
MSC14A,2,0,2,['Autism_Parenting']
Revolutionary_Bar158,1,0,1,['Autism_Parenting']
SnugAsABugSleep,1,0,1,['Autism_Parenting']
AffectionateMark5444,1,0,1,['Autism_Parenting']
inquireunique,1,0,1,['Autism_Parenting']
Wormella,1,0,1,['Autism_Parenting']
Little_Current9898,1,0,1,['Autism_Parenting']
scizorious,5,0,5,['Autism_Parenting']
Playful-Condition727,1,0,1,['Autism_Parenting']
mithril2020,4,0,4,['Autism_Parenting']
LexDip89,3,0,3,['Autism_Parenting']
Secret_Active_8518,1,0,1,['Autism_Parenting']
Reyvakitten,2,0,2,['Autism_Parenting']
ChertyFlint,1,0,1,['Autism_Parenting']
liiac,1,0,1,['Autism_Parenting']
solitude1984,3,0,3,['Autism_Parenting']
GorgeGoochGrabber,8,0,8,['Autism_Parenting']
rottenconfetti,2,0,2,['Autism_Parenting']
OkMemory9587,2,0,2,['Autism_Parenting']
Local_Ad2569,1,0,1,['Autism_Parenting']
Vivid_Sprinkles_9322,2,0,2,['Autism_Parenting']
Beautiful-Air8007,1,0,1,['Autism_Parenting']
LaHaineMeriteLamour,1,0,1,['Autism_Parenting']
MamaMoo813,1,0,1,['Autism_Parenting']
CommonReindeer2476,2,0,2,['Autism_Parenting']
sdougshaw,2,0,2,['Autism_Parenting']
AnAbundanceOfZinnias,2,0,2,['Autism_Parenting']
littleverdin,4,0,4,['Autism_Parenting']
Worried_Bread4358,1,0,1,['Autism_Parenting']
Chrijopher,1,0,1,['Autism_Parenting']
Due_Fix_3900,3,0,3,['Autism_Parenting']
MetaMommy,17,0,17,['Autism_Parenting']
OneDay_AtA_Time,3,0,3,['Autism_Parenting']
casscass97,1,0,1,['Autism_Parenting']
Inner-Today-3693,6,0,6,['Autism_Parenting']
Leather_Abies5946,2,0,2,['Autism_Parenting']
CreamerIsland,1,0,1,['Autism_Parenting']
AffectionateRespect7,2,0,2,['Autism_Parenting']
jibs112,2,0,2,['Autism_Parenting']
IWasOnTimeOnce,2,0,2,['Autism_Parenting']
Ihatealltakennames,1,0,1,['Autism_Parenting']
baochikawowwow,1,0,1,['Autism_Parenting']
misshindsight,1,0,1,['Autism_Parenting']
TeddyBettyBoo,1,0,1,['Autism_Parenting']
scarypirateamy,4,0,4,['Autism_Parenting']
CryptixI,1,0,1,['Autism_Parenting']
teeplusthree,7,0,7,['Autism_Parenting']
SuddenConstruction60,4,0,4,['Autism_Parenting']
Beautiful_Hurry3827,3,0,3,['Autism_Parenting']
PapaCaleb,4,0,4,['Autism_Parenting']
bronsky91,2,0,2,['Autism_Parenting']
Warm-Organization915,1,0,1,['Autism_Parenting']
iredditwrongagain,4,0,4,['Autism_Parenting']
onininja3,3,0,3,['Autism_Parenting']
toredditornotwwyd,1,0,1,['Autism_Parenting']
JenellesTiredUterus,1,0,1,['Autism_Parenting']
Amber_Faye,10,0,10,['Autism_Parenting']
rock__sand,8,0,8,['Autism_Parenting']
JASATX,3,0,3,['Autism_Parenting']
kari728,1,0,1,['Autism_Parenting']
ktlm1,2,0,2,['Autism_Parenting']
ExtensionOk5542,2,0,2,['Autism_Parenting']
bluementat,4,0,4,['Autism_Parenting']
CocoSinger,1,0,1,['Autism_Parenting']
HundrumEngr,1,0,1,['Autism_Parenting']
renxor,1,0,1,['Autism_Parenting']
Tassy820,1,0,1,['Autism_Parenting']
Mediocre-Ninja660,1,0,1,['Autism_Parenting']
HadOCDB4ItWasCool,1,0,1,['Autism_Parenting']
oof_my_kid,3,0,3,['Autism_Parenting']
ShyOwlGrrLa,2,0,2,['Autism_Parenting']
Suspicious_Row_2561,1,0,1,['Autism_Parenting']
xJUNKY47x,1,0,1,['Autism_Parenting']
Mo523,7,0,7,['Autism_Parenting']
ilovekittiesanddogs,1,0,1,['Autism_Parenting']
Confident-Benefit374,2,0,2,['Autism_Parenting']
abc123doraemi,8,0,8,['Autism_Parenting']
Business-Sky8904,1,0,1,['Autism_Parenting']
SnowOnNeptune,1,0,1,['Autism_Parenting']
mangosorbet81,1,0,1,['Autism_Parenting']
Upper_Agent1501,5,0,5,['Autism_Parenting']
thequeengeek,3,0,3,['Autism_Parenting']
No-Hall2144,5,0,5,['Autism_Parenting']
phurbur,3,0,3,['Autism_Parenting']
Dangerous_Till_9626,4,0,4,['Autism_Parenting']
LatinaFiera,2,0,2,['Autism_Parenting']
first_of_all_yall,1,0,1,['Autism_Parenting']
biscuitsandburritos,3,0,3,['Autism_Parenting']
MinimalIntelligence,1,0,1,['Autism_Parenting']
toadangel11,2,0,2,['Autism_Parenting']
EverFluidChaos,1,0,1,['Autism_Parenting']
2ndChanceCharlie,2,0,2,['Autism_Parenting']
BigAsh27,3,0,3,['Autism_Parenting']
trixiepixie1921,9,0,9,['Autism_Parenting']
ChillyAus,4,0,4,['Autism_Parenting']
rmawesome500,2,0,2,['Autism_Parenting']
itemten,1,0,1,['Autism_Parenting']
Diarrheaaaa,7,0,7,['Autism_Parenting']
Sumraeglar,3,0,3,['Autism_Parenting']
hz_a32,1,0,1,['Autism_Parenting']
Brilliant-Machine-22,3,0,3,['Autism_Parenting']
Quiet_Alternative357,4,0,4,['Autism_Parenting']
holyheadharpies,1,0,1,['Autism_Parenting']
Daisydashdoor,2,0,2,['Autism_Parenting']
BrenFL,2,0,2,['Autism_Parenting']
Navismom,1,0,1,['Autism_Parenting']
Educational_Fuel9189,8,0,8,['Autism_Parenting']
Ypoetry,2,0,2,['Autism_Parenting']
fading_fad,2,0,2,['Autism_Parenting']
OctapoN-playaclub,2,0,2,['Autism_Parenting']
SRMT23,1,0,1,['Autism_Parenting']
notthathungryhippo,1,0,1,['Autism_Parenting']
Cycloaddition88,2,0,2,['Autism_Parenting']
SerisedfOrorriM,1,0,1,['Autism_Parenting']
throwaway12100111,1,0,1,['Autism_Parenting']
Interesting-Mood1665,3,0,3,['Autism_Parenting']
CategoryAshamed9880,8,0,8,['Autism_Parenting']
TheBrittz22,3,0,3,['Autism_Parenting']
SLP-999,6,0,6,['Autism_Parenting']
Sad_Collection387,1,0,1,['Autism_Parenting']
Ramona-0806,2,0,2,['Autism_Parenting']
MelancholicDreamz,1,0,1,['Autism_Parenting']
sarcasm_central2911,3,0,3,['Autism_Parenting']
Sunburst3856,1,0,1,['Autism_Parenting']
wvkc,2,0,2,['Autism_Parenting']
Nervous-Assumption57,1,0,1,['Autism_Parenting']
GMRCake,2,0,2,['Autism_Parenting']
Trucketta1,1,0,1,['Autism_Parenting']
Mother-of-Pitbulls1,1,0,1,['Autism_Parenting']
snsv,1,0,1,['Autism_Parenting']
Dbabygirl81,1,0,1,['Autism_Parenting']
noel616,1,0,1,['Autism_Parenting']
Silent-Chemistry-120,2,0,2,['Autism_Parenting']
Active-Mine8510,1,0,1,['Autism_Parenting']
nazbot,1,0,1,['Autism_Parenting']
ScaryScanne,2,0,2,['Autism_Parenting']
AuthenticityandHeart,3,0,3,['Autism_Parenting']
kikikiwi625,1,0,1,['Autism_Parenting']
Maleficent_Mud_7227,1,0,1,['Autism_Parenting']
BothFace8646,4,0,4,['Autism_Parenting']
dumbbitchasaurus,1,0,1,['Autism_Parenting']
PercentageSad937,1,0,1,['Autism_Parenting']
valhrona,1,0,1,['Autism_Parenting']
Visual-Situation-709,1,0,1,['Autism_Parenting']
leaky_wires,1,0,1,['Autism_Parenting']
IRiseWithMyRedHair,2,0,2,['Autism_Parenting']
DrYellowMamba,2,0,2,['Autism_Parenting']
knurlknurl,3,0,3,['Autism_Parenting']
Bulky-Investigator86,1,0,1,['Autism_Parenting']
Oniknight,7,0,7,['Autism_Parenting']
vividtrue,4,0,4,['Autism_Parenting']
arvidsem,1,0,1,['Autism_Parenting']
just-me-and,1,0,1,['Autism_Parenting']
Mr_McGibblets,1,0,1,['Autism_Parenting']
sara00fantastic,1,0,1,['Autism_Parenting']
LaughingDemon44,2,0,2,['Autism_Parenting']
squamous-epithet,1,0,1,['Autism_Parenting']
nintendoswitch_blade,1,0,1,['Autism_Parenting']
Clean_Caregiver_7367,4,0,4,['Autism_Parenting']
CircuitSynapse42,2,0,2,['Autism_Parenting']
BananaThighs,1,0,1,['Autism_Parenting']
PuzzledIdeal5329,3,0,3,['Autism_Parenting']
CheapCarabiner,2,0,2,['Autism_Parenting']
DOxazepam,2,0,2,['Autism_Parenting']
leon_nerd,2,0,2,['Autism_Parenting']
cookievscupcake,2,0,2,['Autism_Parenting']
Content_Beach_4570,1,0,1,['Autism_Parenting']
toomuchipoop,1,0,1,['Autism_Parenting']
Unique_Ad_4271,1,0,1,['Autism_Parenting']
Odd-Evening-1631,1,0,1,['Autism_Parenting']
Sad_Blueberry7760,2,0,2,['Autism_Parenting']
Void666Void,2,0,2,['Autism_Parenting']
redditingatwork23,4,0,4,['Autism_Parenting']
HeyitsmeAnne,1,0,1,['Autism_Parenting']
Loose_Economist_486,3,0,3,['Autism_Parenting']
capitangaston,2,0,2,['Autism_Parenting']
luckyelectric,8,0,8,['Autism_Parenting']
daydreamingofsleep,15,0,15,['Autism_Parenting']
Available_Job6862,1,0,1,['Autism_Parenting']
Fair_Nature_1915,2,0,2,['Autism_Parenting']
Ok-Enthusiasm-6315,2,0,2,['Autism_Parenting']
ardentcanker,3,0,3,['Autism_Parenting']
ManufacturerShort380,2,0,2,['Autism_Parenting']
IllustriousTop7913,2,0,2,['Autism_Parenting']
notmycuppatea,1,0,1,['Autism_Parenting']
odif8,3,0,3,['Autism_Parenting']
Square-Education-244,5,0,5,['Autism_Parenting']
Weird_Beautiful6660,1,0,1,['Autism_Parenting']
Slow_Accountant5046,4,0,4,['Autism_Parenting']
leuhthapawgg,3,0,3,['Autism_Parenting']
ggllhh,1,0,1,['Autism_Parenting']
Fair-Butterfly9989,5,0,5,['Autism_Parenting']
BigEanip,1,0,1,['Autism_Parenting']
getaliferedditmods,3,0,3,['Autism_Parenting']
bmanxx13,3,0,3,['Autism_Parenting']
TheFreshWenis,8,0,8,['Autism_Parenting']
AdvantageWorth8049,1,0,1,['Autism_Parenting']
CardBorn,1,0,1,['Autism_Parenting']
bun189,4,0,4,['Autism_Parenting']
FixPuzzleheaded577,2,0,2,['Autism_Parenting']
ikafewthingsbtntrly,1,0,1,['Autism_Parenting']
GravyPainter,16,0,16,['Autism_Parenting']
mekissab,1,0,1,['Autism_Parenting']
Upper-Entrepreneur63,2,0,2,['Autism_Parenting']
cuntaloupemelon,3,0,3,['Autism_Parenting']
lil_pelirrroja_x,3,0,3,['Autism_Parenting']
busyboobs,2,0,2,['Autism_Parenting']
geefunken,3,0,3,['Autism_Parenting']
tammy5656,1,0,1,['Autism_Parenting']
tuskensandlot,1,0,1,['Autism_Parenting']
giantbewbs1,1,0,1,['Autism_Parenting']
Silent-Elephantess,1,0,1,['Autism_Parenting']
Real_Substance1986,3,0,3,['Autism_Parenting']
dobosininja,1,0,1,['Autism_Parenting']
noodalys,2,0,2,['Autism_Parenting']
SolutionNew3104,1,0,1,['Autism_Parenting']
Organic_Internet_905,1,0,1,['Autism_Parenting']
Sparebobbles,6,0,6,['Autism_Parenting']
olivedeez,1,0,1,['Autism_Parenting']
Bubbly_Web_9912,2,0,2,['Autism_Parenting']
Optimusprima,4,0,4,['Autism_Parenting']
PepperMiddle7904,1,0,1,['Autism_Parenting']
sleeplessinsomerset,1,0,1,['Autism_Parenting']
AbleObject13,6,0,6,['Autism_Parenting']
cruscian8520,1,0,1,['Autism_Parenting']
Big_Calligrapher6870,1,0,1,['Autism_Parenting']
phareous,2,0,2,['Autism_Parenting']
jess9802,1,0,1,['Autism_Parenting']
Awkward_Debt8892,38,0,38,['Autism_Parenting']
CoatLegitimate301,1,0,1,['Autism_Parenting']
Dalmare20,1,0,1,['Autism_Parenting']
NerdEmoji,7,0,7,['Autism_Parenting']
Nuttersbutterybutter,3,0,3,['Autism_Parenting']
TheFoxAndTheFiddle,1,0,1,['Autism_Parenting']
LittleBeansMom,5,0,5,['Autism_Parenting']
Unhappy_Sun_6978,12,0,12,['Autism_Parenting']
OdinsAlchemy,1,0,1,['Autism_Parenting']
ExtremeHurry5466,5,0,5,['Autism_Parenting']
akarahdeveraux,1,0,1,['Autism_Parenting']
aisha_renee,1,0,1,['Autism_Parenting']
velivica,2,0,2,['Autism_Parenting']
thisgirlisonfiire,1,0,1,['Autism_Parenting']
hawkbmwblack,1,0,1,['Autism_Parenting']
Fry_All_The_Chikin,1,0,1,['Autism_Parenting']
cinderparty,24,0,24,['Autism_Parenting']
Same_Maintenance_119,2,0,2,['Autism_Parenting']
GenevieveLeah,1,0,1,['Autism_Parenting']
Nea9419,1,0,1,['Autism_Parenting']
Dry_Library1473,1,0,1,['Autism_Parenting']
LazyClerk408,8,0,8,['Autism_Parenting']
Attachment_Theory,1,0,1,['Autism_Parenting']
art2ashes,3,0,3,['Autism_Parenting']
ninjarabbit375,1,0,1,['Autism_Parenting']
Key-Primary-169,1,0,1,['Autism_Parenting']
PianoNo1003,2,0,2,['Autism_Parenting']
No_Audience1137,1,0,1,['Autism_Parenting']
black_flag_4ever,2,0,2,['Autism_Parenting']
littlebabynothing09,3,0,3,['Autism_Parenting']
WeGotOurselvesAKaren,2,0,2,['Autism_Parenting']
Fearless-Ferret-8876,1,0,1,['Autism_Parenting']
AlexaWilde_,1,0,1,['Autism_Parenting']
cdug82,1,0,1,['Autism_Parenting']
Elegant_queef,1,0,1,['Autism_Parenting']
Any-Cranberry325,2,0,2,['Autism_Parenting']
One-Network-7632,2,0,2,['Autism_Parenting']
01011110101101010010,1,0,1,['Autism_Parenting']
katoepuhtato,1,0,1,['Autism_Parenting']
Dry_Lengthiness948,1,0,1,['Autism_Parenting']
StressyandMessy24,1,0,1,['Autism_Parenting']
MutedSongbird,1,0,1,['Autism_Parenting']
Dutchbunny38,1,0,1,['Autism_Parenting']
Alwaysdobetter,1,0,1,['Autism_Parenting']
Objective_Rabbit1502,3,0,3,['Autism_Parenting']
Scholar_Healthy,2,0,2,['Autism_Parenting']
jesseserious,1,0,1,['Autism_Parenting']
LunaHippie,1,0,1,['Autism_Parenting']
alltoovisceral,1,0,1,['Autism_Parenting']
NewAbqty,1,0,1,['Autism_Parenting']
Quiet-Individual-659,1,0,1,['Autism_Parenting']
HeyMomItsJulia,1,0,1,['Autism_Parenting']
Dustquake,1,0,1,['Autism_Parenting']
Princess_Peachy_x,1,0,1,['Autism_Parenting']
samanthathewitch,1,0,1,['Autism_Parenting']
PhoenixLites,3,0,3,['Autism_Parenting']
usemysponge,1,0,1,['Autism_Parenting']
Conscious_Meal6686,1,0,1,['Autism_Parenting']
coldspr0uts,1,0,1,['Autism_Parenting']
darksideofthem00n,3,0,3,['Autism_Parenting']
genie1913,1,0,1,['Autism_Parenting']
IndecisiveUsername_,1,0,1,['Autism_Parenting']
Oncewasgold,1,0,1,['Autism_Parenting']
Dino_Child3,2,0,2,['Autism_Parenting']
squid_in_the_hand,1,0,1,['Autism_Parenting']
Ghibli-girl101,1,0,1,['Autism_Parenting']
dudewheresmyshyt,1,0,1,['Autism_Parenting']
yogimonkeymeg,1,0,1,['Autism_Parenting']
Serious_Specific_357,1,0,1,['Autism_Parenting']
Stella_09,1,0,1,['Autism_Parenting']
Full_Traffic_3148,3,0,3,['Autism_Parenting']
Dopeboifresh22,3,0,3,['Autism_Parenting']
LocalCap5093,1,0,1,['Autism_Parenting']
VerpissDichKrebs,1,0,1,['Autism_Parenting']
Khaleeasi24,1,0,1,['Autism_Parenting']
AIAustralia,1,0,1,['Autism_Parenting']
Sufficient_Ad_1245,1,0,1,['Autism_Parenting']
HealthyVulture123,1,0,1,['Autism_Parenting']
Final_Remote1786,1,0,1,['Autism_Parenting']
BronzeToad,1,0,1,['Autism_Parenting']
Mamadelrave,1,0,1,['Autism_Parenting']
LogicFrog,2,0,2,['Autism_Parenting']
mothersufferr,1,0,1,['Autism_Parenting']
manut3ro,1,0,1,['Autism_Parenting']
StfuStampy,1,0,1,['Autism_Parenting']
Still_Feed1493,2,0,2,['Autism_Parenting']
Karmin86,1,0,1,['Autism_Parenting']
Rinas-the-name,9,0,9,['Autism_Parenting']
bastard_duck,1,0,1,['Autism_Parenting']
#NAME?,1,0,1,['Autism_Parenting']
Spiritual_Apricot10,1,0,1,['Autism_Parenting']
SmartGreen3717,1,0,1,['Autism_Parenting']
gidgetsMum,1,0,1,['Autism_Parenting']
doula_karen,1,0,1,['Autism_Parenting']
Gordonsblue,1,0,1,['Autism_Parenting']
Distinct-View5286,1,0,1,['Autism_Parenting']
Jamesv007,1,0,1,['Autism_Parenting']
Aromatic_Entry9982,1,0,1,['Autism_Parenting']
lazer_sandwich,6,0,6,['Autism_Parenting']
ruddymarvellous,1,0,1,['Autism_Parenting']
bonnieparker22,1,0,1,['Autism_Parenting']
newsnewsnews111,6,0,6,['Autism_Parenting']
7udphy,2,0,2,['Autism_Parenting']
niqquhchris,1,0,1,['Autism_Parenting']
TerraVerde_,5,0,5,['Autism_Parenting']
NWGreenQueen,2,0,2,['Autism_Parenting']
ElectricalBuy8807,1,0,1,['Autism_Parenting']
OtherwiseKate,8,0,8,['Autism_Parenting']
twstdpattycake,1,0,1,['Autism_Parenting']
no-no-mart,1,0,1,['Autism_Parenting']
ArkBass,1,0,1,['Autism_Parenting']
ImaCrazyBee,2,0,2,['Autism_Parenting']
315ACDCfan,1,0,1,['Autism_Parenting']
SuziQster,1,0,1,['Autism_Parenting']
kit73n,1,0,1,['Autism_Parenting']
Conscious_Youth_752,18,0,18,['Autism_Parenting']
alonelytruth,1,0,1,['Autism_Parenting']
MajorOtherwise8511,2,0,2,['Autism_Parenting']
TheVoidWithout,2,0,2,['Autism_Parenting']
Extension-Feature-61,1,0,1,['Autism_Parenting']
cheylove2,1,0,1,['Autism_Parenting']
QueerCoffeeNerd,2,0,2,['Autism_Parenting']
shmopkins84,1,0,1,['Autism_Parenting']
Lost_Needleworker285,17,0,17,['Autism_Parenting']
epsilon_be,2,0,2,['Autism_Parenting']
Ok_Yak588,1,0,1,['Autism_Parenting']
TwigsAndBerries,4,0,4,['Autism_Parenting']
sasshley_,1,0,1,['Autism_Parenting']
ProperRoom5814,3,0,3,['Autism_Parenting']
LindsLuvsPink,1,0,1,['Autism_Parenting']
tea-or-whiskey,2,0,2,['Autism_Parenting']
SabinSlash,1,0,1,['Autism_Parenting']
BlueEyedDinosaur,1,0,1,['Autism_Parenting']
Realistic_Army6107,1,0,1,['Autism_Parenting']
New-Thanks8537,3,0,3,['Autism_Parenting']
Gaiiiiiiiiiiil,1,0,1,['Autism_Parenting']
Froomian,2,0,2,['Autism_Parenting']
lilyoneill,1,0,1,['Autism_Parenting']
justaregulargod,1,0,1,['Autism_Parenting']
DeskEvery8505,1,0,1,['Autism_Parenting']
ProjectedEntity,1,0,1,['Autism_Parenting']
Interesting_Boot6534,4,0,4,['Autism_Parenting']
sjyork,5,0,5,['Autism_Parenting']
essdeecee,1,0,1,['Autism_Parenting']
ahwhawatchout,1,0,1,['Autism_Parenting']
Hup110516,3,0,3,['Autism_Parenting']
Opposite-Car-3954,2,0,2,['Autism_Parenting']
hopligetilvenstre,3,0,3,['Autism_Parenting']
tiente,1,0,1,['Autism_Parenting']
ADHDtomeetyou,1,0,1,['Autism_Parenting']
Dismal-Vacation-5877,2,0,2,['Autism_Parenting']
Dumb_Blonde_Broke_n,9,0,9,['Autism_Parenting']
Who-am-i-though,1,0,1,['Autism_Parenting']
juhesihcaa,8,0,8,['Autism_Parenting']
Alittlebitfluffy,2,0,2,['Autism_Parenting']
Dangerous_Fox3993,1,0,1,['Autism_Parenting']
pwaltman1972,1,0,1,['Autism_Parenting']
Any_Ad6921,5,0,5,['Autism_Parenting']
moonstomper0313,1,0,1,['Autism_Parenting']
saralkeen,1,0,1,['Autism_Parenting']
IceboundDacha,1,0,1,['Autism_Parenting']
catchmeeifyoucan,2,0,2,['Autism_Parenting']
joeben81,2,0,2,['Autism_Parenting']
Rhymershouse,3,0,3,['Autism_Parenting']
DoshaCat328,1,0,1,['Autism_Parenting']
Boy_Mom2020,1,0,1,['Autism_Parenting']
Then_Impress9419,1,0,1,['Autism_Parenting']
WhichDance9284,3,0,3,['Autism_Parenting']
Human-Put-6613,1,0,1,['Autism_Parenting']
Appropriate-Kale-128,1,0,1,['Autism_Parenting']
Striking_Bee5459,2,0,2,['Autism_Parenting']
Sad_Guitar_657,5,0,5,['Autism_Parenting']
vera214usc,1,0,1,['Autism_Parenting']
JALLways,2,0,2,['Autism_Parenting']
gogonzogo1005,2,0,2,['Autism_Parenting']
mcostante,9,0,9,['Autism_Parenting']
Snozzberry805,3,0,3,['Autism_Parenting']
Booksandrainbows,1,0,1,['Autism_Parenting']
PPcurly,2,0,2,['Autism_Parenting']
Korwinga,2,0,2,['Autism_Parenting']
Carpetation,1,0,1,['Autism_Parenting']
Maleficent_Target_98,1,0,1,['Autism_Parenting']
Fragrant_Act_7962,1,0,1,['Autism_Parenting']
Zestyclose-Pie3832,2,0,2,['Autism_Parenting']
lgjreyn,1,0,1,['Autism_Parenting']
Quendi_Talkien,3,0,3,['Autism_Parenting']
hermagne,1,0,1,['Autism_Parenting']
Bejiita2,3,0,3,['Autism_Parenting']
ProfessionalSlow5171,3,0,3,['Autism_Parenting']
blur494,2,0,2,['Autism_Parenting']
Disastrous-Panda5530,1,0,1,['Autism_Parenting']
yellatchamps,1,0,1,['Autism_Parenting']
Phoenix-Reaper,2,0,2,['Autism_Parenting']
NastyGnar,2,0,2,['Autism_Parenting']
jjenni08,1,0,1,['Autism_Parenting']
wwhatmushroom,1,0,1,['Autism_Parenting']
moonlove1015,2,0,2,['Autism_Parenting']
why_kitten_why,1,0,1,['Autism_Parenting']
CrossPercy,1,0,1,['Autism_Parenting']
Tar_Gibbons,1,0,1,['Autism_Parenting']
Csagan84,1,0,1,['Autism_Parenting']
nowyouseenextyoudont,1,0,1,['Autism_Parenting']
Little_Raspberry_952,1,0,1,['Autism_Parenting']
kidsasicko,1,0,1,['Autism_Parenting']
Lonely_Pop_1364,1,0,1,['Autism_Parenting']
Brooke9256,1,0,1,['Autism_Parenting']
tiknmovo90,1,0,1,['Autism_Parenting']
OneEonAtATime,1,0,1,['Autism_Parenting']
Fitnessfan_86,1,0,1,['Autism_Parenting']
kookiemonstor7,1,0,1,['Autism_Parenting']
DontPanic1985,1,0,1,['Autism_Parenting']
shepherd-pie,2,0,2,['Autism_Parenting']
pandamonkey23,1,0,1,['Autism_Parenting']
devkendall,7,0,7,['Autism_Parenting']
diamondtoothdennis,3,0,3,['Autism_Parenting']
danath34,1,0,1,['Autism_Parenting']
Sufficient-Passage89,1,0,1,['Autism_Parenting']
fell_4m_coconut_tree,1,0,1,['Autism_Parenting']
PerfumePoodle,1,0,1,['Autism_Parenting']
MCRAW36,1,0,1,['Autism_Parenting']
MidNight_OWL9339,4,0,4,['Autism_Parenting']
WISEstickman,2,0,2,['Autism_Parenting']
StaySeatedPlease,1,0,1,['Autism_Parenting']
richardmouseboy,2,0,2,['Autism_Parenting']
UnhappyPeach5575,1,0,1,['Autism_Parenting']
Loose-Buyer-7648,2,0,2,['Autism_Parenting']
Small_Emu9808,2,0,2,['Autism_Parenting']
melon_sky_,1,0,1,['Autism_Parenting']
pkbab5,1,0,1,['Autism_Parenting']
Cocomelon3216,1,0,1,['Autism_Parenting']
Burnt0utc0llegegirl,2,0,2,['Autism_Parenting']
Elegant-Blackberry92,1,0,1,['Autism_Parenting']
Downtown-Wear-9945,1,0,1,['Autism_Parenting']
myredserenity,5,0,5,['Autism_Parenting']
General_Leespeaking,2,0,2,['Autism_Parenting']
blaaaghjk,1,0,1,['Autism_Parenting']
lazeny,1,0,1,['Autism_Parenting']
yummybbh,1,0,1,['Autism_Parenting']
CuriousMimi22,2,0,2,['Autism_Parenting']
local_scientician,2,0,2,['Autism_Parenting']
Competitive_Reply830,1,0,1,['Autism_Parenting']
webbyyy,4,0,4,['Autism_Parenting']
Emperor_Pod,1,0,1,['Autism_Parenting']
Brisha1991,1,0,1,['Autism_Parenting']
metamorphosis,4,0,4,['Autism_Parenting']
rbetterkids,1,0,1,['Autism_Parenting']
oywiththepoodle,1,0,1,['Autism_Parenting']
Tella-Vision,6,0,6,['Autism_Parenting']
zenjibae,2,0,2,['Autism_Parenting']
CamelliasMac,1,0,1,['Autism_Parenting']
BlackButterfly45,1,0,1,['Autism_Parenting']
Mindless-Location-41,6,0,6,['Autism_Parenting']
Daisyray03,1,0,1,['Autism_Parenting']
Odd_Internal_6122,2,0,2,['Autism_Parenting']
TinyDistribution4565,4,0,4,['Autism_Parenting']
Huge-Meringue-114,4,0,4,['Autism_Parenting']
MERCY-32,1,0,1,['Autism_Parenting']
Potty-mouth-75,2,0,2,['Autism_Parenting']
tleyd93,1,0,1,['Autism_Parenting']
chunk84,4,0,4,['Autism_Parenting']
HelpfulWrongdoer7407,3,0,3,['Autism_Parenting']
frogsgoribbit737,3,0,3,['Autism_Parenting']
Munkie29,2,0,2,['Autism_Parenting']
Sun3EBurned,3,0,3,['Autism_Parenting']
Beginning-Check1931,2,0,2,['Autism_Parenting']
wiggle_butt_aussie,4,0,4,['Autism_Parenting']
Downtownapple7,1,0,1,['Autism_Parenting']
Walter_Sobchak07,1,0,1,['Autism_Parenting']
Mike_Danton,1,0,1,['Autism_Parenting']
DryRip8266,3,0,3,['Autism_Parenting']
Dishy31983,1,0,1,['Autism_Parenting']
p33ingalone,2,0,2,['Autism_Parenting']
jboehman,1,0,1,['Autism_Parenting']
9kindsofpie,1,0,1,['Autism_Parenting']
Used-Ad8256,2,0,2,['Autism_Parenting']
amugglestruggle,1,0,1,['Autism_Parenting']
Responsible-Brain744,1,0,1,['Autism_Parenting']
Professional-Tie-804,1,0,1,['Autism_Parenting']
meenymoosh12085,2,0,2,['Autism_Parenting']
GrapplerCM,1,0,1,['Autism_Parenting']
ResolutionFinancial,1,0,1,['Autism_Parenting']
Zetus_Lapetus_B,3,0,3,['Autism_Parenting']
hippymilf82,3,0,3,['Autism_Parenting']
rothrowaway24,3,0,3,['Autism_Parenting']
Tctjh00,1,0,1,['Autism_Parenting']
Appropriate-Item-841,1,0,1,['Autism_Parenting']
brockapottamus,2,0,2,['Autism_Parenting']
HamAbounds,3,0,3,['Autism_Parenting']
SprkleXGrl,3,0,3,['Autism_Parenting']
Mysterious_Beyond905,1,0,1,['Autism_Parenting']
Inevitable_Tell8668,1,0,1,['Autism_Parenting']
abandonedmuffin,1,0,1,['Autism_Parenting']
algoajellybones,1,0,1,['Autism_Parenting']
Difficult-Map-2162,2,0,2,['Autism_Parenting']
sunshine_tequila,1,0,1,['Autism_Parenting']
_Ice_9_,2,0,2,['Autism_Parenting']
GrimBarkFootyTausand,2,0,2,['Autism_Parenting']
matte_t,1,0,1,['Autism_Parenting']
geneb0323,1,0,1,['Autism_Parenting']
Clean_Extreme8720,2,0,2,['Autism_Parenting']
Special-Reward-8469,3,0,3,['Autism_Parenting']
AggravatingBag5775,1,0,1,['Autism_Parenting']
ResidentMinion,2,0,2,['Autism_Parenting']
melisa22mg,1,0,1,['Autism_Parenting']
AlliOOPSY,1,0,1,['Autism_Parenting']
SlugCatt,1,0,1,['Autism_Parenting']
NearbyWestern5589,2,0,2,['Autism_Parenting']
TheEsotericCarrot,1,0,1,['Autism_Parenting']
Moosepoop26,1,0,1,['Autism_Parenting']
stealthcake20,4,0,4,['Autism_Parenting']
Creolegirl08,1,0,1,['Autism_Parenting']
thesecrettolifeis42,2,0,2,['Autism_Parenting']
Hunter6720,1,0,1,['Autism_Parenting']
barberc5,6,0,6,['Autism_Parenting']
Decent-Criticism5593,2,0,2,['Autism_Parenting']
cavalier8865,3,0,3,['Autism_Parenting']
Pure_Summer1753,1,0,1,['Autism_Parenting']
Chicken_Chicken_Duck,1,0,1,['Autism_Parenting']
Forsaken-Country194,1,0,1,['Autism_Parenting']
russcr,1,0,1,['Autism_Parenting']
SouthernEffect87yO,1,0,1,['Autism_Parenting']
h0kis,1,0,1,['Autism_Parenting']
winterymix33,2,0,2,['Autism_Parenting']
FiBaMiKi,1,0,1,['Autism_Parenting']
Godhelptupelo,3,0,3,['Autism_Parenting']
subs81-2024,2,0,2,['Autism_Parenting']
Quixote511,2,0,2,['Autism_Parenting']
LaLunacy,3,0,3,['Autism_Parenting']
elenchusis,5,0,5,['Autism_Parenting']
Piccolo_sonata,1,0,1,['Autism_Parenting']
Early-Promotion3219,1,0,1,['Autism_Parenting']
avalonbreeze,3,0,3,['Autism_Parenting']
Simple_dos225,1,0,1,['Autism_Parenting']
jchav3,1,0,1,['Autism_Parenting']
Additional_Fail_5270,7,0,7,['Autism_Parenting']
Scary_Steak666,2,0,2,['Autism_Parenting']
bebetter33,1,0,1,['Autism_Parenting']
DJPalefaceSD,9,0,9,['Autism_Parenting']
PreviousChemistry736,2,0,2,['Autism_Parenting']
jaffeah,3,0,3,['Autism_Parenting']
Peace_out_mom,1,0,1,['Autism_Parenting']
Ragdoll_Deena,2,0,2,['Autism_Parenting']
Altruistic-Mango538,1,0,1,['Autism_Parenting']
Quiet-Aardvark-8,1,0,1,['Autism_Parenting']
PistolsForPandas,1,0,1,['Autism_Parenting']
Beneatheearth,3,0,3,['Autism_Parenting']
IntelligentPop5361,1,0,1,['Autism_Parenting']
Spooky__Action,2,0,2,['Autism_Parenting']
LeatherSuccess8795,2,0,2,['Autism_Parenting']
bountifulknitter,2,0,2,['Autism_Parenting']
Archydorable,1,0,1,['Autism_Parenting']
mmbopbadobadop,1,0,1,['Autism_Parenting']
miss_nephthys,1,0,1,['Autism_Parenting']
Wooden_Philosophy837,1,0,1,['Autism_Parenting']
sharksarefuckingcool,1,0,1,['Autism_Parenting']
ElChaderino,1,0,1,['Autism_Parenting']
joanhallam,1,0,1,['Autism_Parenting']
iloveeatpizzatoo,1,0,1,['Autism_Parenting']
Bugasaur,1,0,1,['Autism_Parenting']
Splungetastic,1,0,1,['Autism_Parenting']
wivo1,1,0,1,['Autism_Parenting']
Woshambo,2,0,2,['Autism_Parenting']
Mamajay2228,5,0,5,['Autism_Parenting']
Fancy_Mission_4743,4,0,4,['Autism_Parenting']
Individual-Trade756,1,0,1,['Autism_Parenting']
natechief,1,0,1,['Autism_Parenting']
CrabNumerous8506,2,0,2,['Autism_Parenting']
Fisherguy8,4,0,4,['Autism_Parenting']
amyhchen,2,0,2,['Autism_Parenting']
Leather-Share5175,3,0,3,['Autism_Parenting']
Astersaur,1,0,1,['Autism_Parenting']
iamamovieperson,1,0,1,['Autism_Parenting']
PangolinPride4eva,1,0,1,['Autism_Parenting']
MarkyBarky1855,1,0,1,['Autism_Parenting']
caviarandcigarettess,1,0,1,['Autism_Parenting']
Difficult-Sugar-9251,4,0,4,['Autism_Parenting']
Hot_Walk829,1,0,1,['Autism_Parenting']
lysogenic,1,0,1,['Autism_Parenting']
Blitzgar,1,0,1,['Autism_Parenting']
Solkone,9,0,9,['Autism_Parenting']
NoDirection474,8,0,8,['Autism_Parenting']
Open_Shop_3722,1,0,1,['Autism_Parenting']
KittenWhispersnCandy,8,0,8,['Autism_Parenting']
greyVisitor,1,0,1,['Autism_Parenting']
ImportantStory670,3,0,3,['Autism_Parenting']
VastConsideration126,3,0,3,['Autism_Parenting']
rivera151,1,0,1,['Autism_Parenting']
rikay23,1,0,1,['Autism_Parenting']
DarkAlbatross1921,1,0,1,['Autism_Parenting']
MaleficentCod6730,2,0,2,['Autism_Parenting']
vegaisbetter,1,0,1,['Autism_Parenting']
RadioBusiness,2,0,2,['Autism_Parenting']
Crackheadwithabrain,1,0,1,['Autism_Parenting']
ActCompetitive,2,0,2,['Autism_Parenting']
KateInSpace,1,0,1,['Autism_Parenting']
PurplePenguinCat,1,0,1,['Autism_Parenting']
ennuimachine,4,0,4,['Autism_Parenting']
StrugglingMommy2023,5,0,5,['Autism_Parenting']
Mindless_Homework,3,0,3,['Autism_Parenting']
DawnDanelle,2,0,2,['Autism_Parenting']
Complex_Evening3883,1,0,1,['Autism_Parenting']
BeantownDee,1,0,1,['Autism_Parenting']
SidheAnomaly,1,0,1,['Autism_Parenting']
Turbulent_Pin2163,1,0,1,['Autism_Parenting']
Stayfree55,1,0,1,['Autism_Parenting']
nosouljusttrash,1,0,1,['Autism_Parenting']
1000thusername,2,0,2,['Autism_Parenting']
arcoftheswing,5,0,5,['Autism_Parenting']
silkentab,8,0,8,['Autism_Parenting']
esq6789998212,2,0,2,['Autism_Parenting']
GreatAndromedaGalaxy,6,0,6,['Autism_Parenting']
virgirichmond,2,0,2,['Autism_Parenting']
General-Economics378,1,0,1,['Autism_Parenting']
Xonth,1,0,1,['Autism_Parenting']
Mabee898989,1,0,1,['Autism_Parenting']
a_she_organism,1,0,1,['Autism_Parenting']
nacho-taco29,1,0,1,['Autism_Parenting']
Trynagetbigasf,2,0,2,['Autism_Parenting']
ChihuahuaMammaNPT,1,0,1,['Autism_Parenting']
safewarmblanket,1,0,1,['Autism_Parenting']
project_moto,1,0,1,['Autism_Parenting']
treevine700,1,0,1,['Autism_Parenting']
Aggressive-Risk9183,1,0,1,['Autism_Parenting']
perlestellar,1,0,1,['Autism_Parenting']
FarArm6506,1,0,1,['Autism_Parenting']
TheRareRose46,2,0,2,['Autism_Parenting']
ClassicStorm,1,0,1,['Autism_Parenting']
JustPeachier,7,0,7,['Autism_Parenting']
SnooGrapes169,1,0,1,['Autism_Parenting']
bonaire-,2,0,2,['Autism_Parenting']
RogueDr0id,7,0,7,['Autism_Parenting']
AlarmingYogurt6352,1,0,1,['Autism_Parenting']
Additional-Access843,2,0,2,['Autism_Parenting']
Beautiful-Ad-3306,3,0,3,['Autism_Parenting']
GrouchyPerspective83,1,0,1,['Autism_Parenting']
Realistic-Midnight60,1,0,1,['Autism_Parenting']
Mommy2ASD_son,1,0,1,['Autism_Parenting']
yayoffbalance,2,0,2,['Autism_Parenting']
zuhms,2,0,2,['Autism_Parenting']
PersnicketyHazelnuts,3,0,3,['Autism_Parenting']
UpbeatInsurance5358,3,0,3,['Autism_Parenting']
According-Credit-954,2,0,2,['Autism_Parenting']
GimmeGore,6,0,6,['Autism_Parenting']
jell-belle,3,0,3,['Autism_Parenting']
z960849,1,0,1,['Autism_Parenting']
draperf,3,0,3,['Autism_Parenting']
DisastrousChicken563,2,0,2,['Autism_Parenting']
Cat-mom-at-law,1,0,1,['Autism_Parenting']
Pretty_Brick6401,3,0,3,['Autism_Parenting']
Ammonia13,3,0,3,['Autism_Parenting']
Sariann121,1,0,1,['Autism_Parenting']
my_little_shumai,1,0,1,['Autism_Parenting']
iplanshit,4,0,4,['Autism_Parenting']
snotmcwaffle,2,0,2,['Autism_Parenting']
iksroiezj,1,0,1,['Autism_Parenting']
DisastrousHunt8840,1,0,1,['Autism_Parenting']
kle1nbottle,1,0,1,['Autism_Parenting']
Stay-Medical,1,0,1,['Autism_Parenting']
countrystronkyeeyee,1,0,1,['Autism_Parenting']
rantingpacifist,2,0,2,['Autism_Parenting']
flickin_the_bean,2,0,2,['Autism_Parenting']
National-Menu-2654,3,0,3,['Autism_Parenting']
lick_ur_peach,1,0,1,['Autism_Parenting']
AdventurousPanda420,1,0,1,['Autism_Parenting']
MsShinohime,2,0,2,['Autism_Parenting']
CamillaBarkaBowles,3,0,3,['Autism_Parenting']
Otrebla23,1,0,1,['Autism_Parenting']
h56hiker,1,0,1,['Autism_Parenting']
cheesecheeesecheese,1,0,1,['Autism_Parenting']
OfferMeds,4,0,4,['Autism_Parenting']
Slow_Pomegranate_140,2,0,2,['Autism_Parenting']
Possible-Succotash74,1,0,1,['Autism_Parenting']
Atticlees,1,0,1,['Autism_Parenting']
autumnrainy21,1,0,1,['Autism_Parenting']
ohjai8705,1,0,1,['Autism_Parenting']
Connect-Number-5459,1,0,1,['Autism_Parenting']
fivebyfive12,2,0,2,['Autism_Parenting']
wrightbrain59,2,0,2,['Autism_Parenting']
mp3_afterlifeavgd74d,2,0,2,['Autism_Parenting']
Simstastic,1,0,1,['Autism_Parenting']
gemw2101,1,0,1,['Autism_Parenting']
viijayy,3,0,3,['Autism_Parenting']
Amcatl444,1,0,1,['Autism_Parenting']
oliviapenderghast,1,0,1,['Autism_Parenting']
baileycoraline,6,0,6,['Autism_Parenting']
brizzzyblb,1,0,1,['Autism_Parenting']
TheSadHermit,1,0,1,['Autism_Parenting']
WallabyAware5341,1,0,1,['Autism_Parenting']
Yunacyy,1,0,1,['Autism_Parenting']
Enough-Specialist6,1,0,1,['Autism_Parenting']
Tiredmumma456,2,0,2,['Autism_Parenting']
ElectricBluePikachu,1,0,1,['Autism_Parenting']
glyph1331,1,0,1,['Autism_Parenting']
trenty40,2,0,2,['Autism_Parenting']
BurekDaddy,2,0,2,['Autism_Parenting']
TheAngieChu,1,0,1,['Autism_Parenting']
H78n6mej1,2,0,2,['Autism_Parenting']
kado1122,1,0,1,['Autism_Parenting']
Rex96Rex,1,0,1,['Autism_Parenting']
OutsideHeart7526,1,0,1,['Autism_Parenting']
punktilend,1,0,1,['Autism_Parenting']
plasmatoaste,1,0,1,['Autism_Parenting']
Finality-,1,0,1,['Autism_Parenting']
miasmum01,1,0,1,['Autism_Parenting']
AJalazia10,1,0,1,['Autism_Parenting']
queenbidoof123,1,0,1,['Autism_Parenting']
Extension_Emotion437,3,0,3,['Autism_Parenting']
Floyd_Riot,1,0,1,['Autism_Parenting']
nohupdotout,2,0,2,['Autism_Parenting']
mild-asd-parent,2,0,2,['Autism_Parenting']
Purple_penguin_557,1,0,1,['Autism_Parenting']
Wooden_Airport6331,1,0,1,['Autism_Parenting']
PrincessPicklebricks,1,0,1,['Autism_Parenting']
spookycat93,3,0,3,['Autism_Parenting']
Winter-Impress-6074,2,0,2,['Autism_Parenting']
MeAndTheMoon19,1,0,1,['Autism_Parenting']
tintimyworld,4,0,4,['Autism_Parenting']
Waste-Reputation7524,1,0,1,['Autism_Parenting']
Mother_oftwo,1,0,1,['Autism_Parenting']
Morbiphine,1,0,1,['Autism_Parenting']
Most-Negotiation4109,1,0,1,['Autism_Parenting']
919_919,1,0,1,['Autism_Parenting']
stinkymonkey426,1,0,1,['Autism_Parenting']
blueys_mutha,1,0,1,['Autism_Parenting']
Particular-Sugar-2,1,0,1,['Autism_Parenting']
Booyah_7,1,0,1,['Autism_Parenting']
Sad-Educator-2756,1,0,1,['Autism_Parenting']
Eyeh8snow,1,0,1,['Autism_Parenting']
dmxspy,3,0,3,['Autism_Parenting']
Johnny1911,1,0,1,['Autism_Parenting']
spurplebirdie,2,0,2,['Autism_Parenting']
Matty_Love,1,0,1,['Autism_Parenting']
panspiritus,3,0,3,['Autism_Parenting']
marc3lline,2,0,2,['Autism_Parenting']
charfitz83,1,0,1,['Autism_Parenting']
losingmystuffing,1,0,1,['Autism_Parenting']
WannaBeLuxMain,1,0,1,['Autism_Parenting']
Impressive-Cap3851,1,0,1,['Autism_Parenting']
Schmidtvegas,1,0,1,['Autism_Parenting']
_skank_hunt42,2,0,2,['Autism_Parenting']
staceycoll,1,0,1,['Autism_Parenting']
Thejenfo,5,0,5,['Autism_Parenting']
Extreme-Handle-616,2,0,2,['Autism_Parenting']
PlacidoFlamingo7,1,0,1,['Autism_Parenting']
Louwheez81,2,0,2,['Autism_Parenting']
galoshesgang,2,0,2,['Autism_Parenting']
Searchin26,1,0,1,['Autism_Parenting']
omedallion,2,0,2,['Autism_Parenting']
BigGayNarwhal,2,0,2,['Autism_Parenting']
princessfoxglove,1,0,1,['Autism_Parenting']
PumpkinMelodic6291,1,0,1,['Autism_Parenting']
Glass_Serve_921,2,0,2,['Autism_Parenting']
really_robot,1,0,1,['Autism_Parenting']
triscuit1491,1,0,1,['Autism_Parenting']
libra_babyyyy,1,0,1,['Autism_Parenting']
SausageBuscuit,1,0,1,['Autism_Parenting']
hithereminnedota,1,0,1,['Autism_Parenting']
sleeving_beauty,1,0,1,['Autism_Parenting']
Dry-Border6825,1,0,1,['Autism_Parenting']
interwebz_2021,1,0,1,['Autism_Parenting']
Iseeyouseeme10,1,0,1,['Autism_Parenting']
Cucurucho78,1,0,1,['Autism_Parenting']
LuckNo4294,20,0,20,['Autism_Parenting']
TheRealYungChink,3,0,3,['Autism_Parenting']
EclecticBitchcraft,1,0,1,['Autism_Parenting']
Scannerguy3000,1,0,1,['Autism_Parenting']
Imaginary-Scholar-43,1,0,1,['Autism_Parenting']
SpigiFligi,1,0,1,['Autism_Parenting']
Stunning_Ad4419,1,0,1,['Autism_Parenting']
HotBox_the_Band,1,0,1,['Autism_Parenting']
teeejaySA,1,0,1,['Autism_Parenting']
trainsoundschoochoo,1,0,1,['Autism_Parenting']
turbulentotal,1,0,1,['Autism_Parenting']
LiteratureNo7415,1,0,1,['Autism_Parenting']
Jonnyporridge,1,0,1,['Autism_Parenting']
bisoy84,2,0,2,['Autism_Parenting']
lulylu,1,0,1,['Autism_Parenting']
sakura7777,1,0,1,['Autism_Parenting']
mylittlejourney17,1,0,1,['Autism_Parenting']
HORSEthedude619,3,0,3,['Autism_Parenting']
Autism-Mom-of-3,1,0,1,['Autism_Parenting']
Asalii7,1,0,1,['Autism_Parenting']
circletriangleboat,1,0,1,['Autism_Parenting']
cant_get_right-,3,0,3,['Autism_Parenting']
buckster_007,1,0,1,['Autism_Parenting']
BasicChange6730,1,0,1,['Autism_Parenting']
Knicke,1,0,1,['Autism_Parenting']
ifthisaintlove_,6,0,6,['Autism_Parenting']
Librarian-Lopsided,1,0,1,['Autism_Parenting']
KrustenStewart,1,0,1,['Autism_Parenting']
leapfrog012,1,0,1,['Autism_Parenting']
Automatic-Appeal5280,2,0,2,['Autism_Parenting']
djchrist15,1,0,1,['Autism_Parenting']
GeneralManagerLady,2,0,2,['Autism_Parenting']
ResortPositive3468,5,0,5,['Autism_Parenting']
Antzgomarching,4,0,4,['Autism_Parenting']
ThisOnesforYouMorph,1,0,1,['Autism_Parenting']
lucymilesatx,1,0,1,['Autism_Parenting']
Pstanky,3,0,3,['Autism_Parenting']
HopefulMeaning777,3,0,3,['Autism_Parenting']
alc1982,9,0,9,['Autism_Parenting']
rollmeup77,1,0,1,['Autism_Parenting']
kvilayas,3,0,3,['Autism_Parenting']
christadimarc,1,0,1,['Autism_Parenting']
madhattermiller,4,0,4,['Autism_Parenting']
aliasvivian,2,0,2,['Autism_Parenting']
Shakepig,1,0,1,['Autism_Parenting']
UnflatteringPhoto,1,0,1,['Autism_Parenting']
helljumper1030,4,0,4,['Autism_Parenting']
HelloLovelyK,1,0,1,['Autism_Parenting']
Suspicious_Let_2671,1,0,1,['Autism_Parenting']
Tiki985,1,0,1,['Autism_Parenting']
NellyBTulsa,1,0,1,['Autism_Parenting']
Such_Investment_3104,5,0,5,['Autism_Parenting']
WarriorMum777,5,0,5,['Autism_Parenting']
Keeks_05,2,0,2,['Autism_Parenting']
Water-Acrobat,1,0,1,['Autism_Parenting']
PomegranateGeneral,1,0,1,['Autism_Parenting']
narcho13,1,0,1,['Autism_Parenting']
falseinsight,4,0,4,['Autism_Parenting']
infoscore,1,0,1,['Autism_Parenting']
Important_Aerie_8241,1,0,1,['Autism_Parenting']
skemileez,1,0,1,['Autism_Parenting']
Tonyaltona,1,0,1,['Autism_Parenting']
BE_Aba30,1,0,1,['Autism_Parenting']
MsBlondeViking,1,0,1,['Autism_Parenting']
PepeiGomyez,1,0,1,['Autism_Parenting']
stickylavanderhaze,1,0,1,['Autism_Parenting']
Charming-Pen-68,2,0,2,['Autism_Parenting']
kikisaurus,1,0,1,['Autism_Parenting']
hotxpinkness,2,0,2,['Autism_Parenting']
unicorn_pug_wrangler,1,0,1,['Autism_Parenting']
Choice-Fuel-9785,2,0,2,['Autism_Parenting']
GENTLEHULK,1,0,1,['Autism_Parenting']
KerriK27,2,0,2,['Autism_Parenting']
bountifulb,1,0,1,['Autism_Parenting']
rg123,1,0,1,['Autism_Parenting']
JCii,1,0,1,['Autism_Parenting']
KoalasAndPenguins,3,0,3,['Autism_Parenting']
amberlynrose709,1,0,1,['Autism_Parenting']
mossquito,1,0,1,['Autism_Parenting']
HeyYouTurd,2,0,2,['Autism_Parenting']
Ok_Inevitable2011,2,0,2,['Autism_Parenting']
throwawayparentssuk,1,0,1,['Autism_Parenting']
Kiku_1993,2,0,2,['Autism_Parenting']
Affectionate_Elk7956,1,0,1,['Autism_Parenting']
ACmoonshadow,2,0,2,['Autism_Parenting']
InkedDemocrat,3,0,3,['Autism_Parenting']
Straight-Maybe6775,1,0,1,['Autism_Parenting']
xxyazzaaayxx,1,0,1,['Autism_Parenting']
Momofboyz93,1,0,1,['Autism_Parenting']
Therewasroomfor2,2,0,2,['Autism_Parenting']
Mellodyz,1,0,1,['Autism_Parenting']
Natural_Print_1751,2,0,2,['Autism_Parenting']
Spence10873,1,0,1,['Autism_Parenting']
OkTop4053,1,0,1,['Autism_Parenting']
darknessforever,1,0,1,['Autism_Parenting']
Kokopuffs23,1,0,1,['Autism_Parenting']
Crazy-Wrangler7231,6,0,6,['Autism_Parenting']
Famyadivine,1,0,1,['Autism_Parenting']
NordMan009,3,0,3,['Autism_Parenting']
little_camel2471,1,0,1,['Autism_Parenting']
MyMediocreExistence,2,0,2,['Autism_Parenting']
MrsJewbacca,2,0,2,['Autism_Parenting']
daffodil0127,2,0,2,['Autism_Parenting']
Alternative_Remote_7,1,0,1,['Autism_Parenting']
Traditional-Way-8097,1,0,1,['Autism_Parenting']
100percentEV,1,0,1,['Autism_Parenting']
Disastrous_Deal4895,4,0,4,['Autism_Parenting']
TheFridgeIsLava,3,0,3,['Autism_Parenting']
Glum_Choice6104,1,0,1,['Autism_Parenting']
Exarsere,1,0,1,['Autism_Parenting']
You-whoo,1,0,1,['Autism_Parenting']
enterprisingchaos,1,0,1,['Autism_Parenting']
Electronic-Alfalfa43,1,0,1,['Autism_Parenting']
sweetpeach216,1,0,1,['Autism_Parenting']
electricpumpkins,2,0,2,['Autism_Parenting']
Odd-Purpose-8503,1,0,1,['Autism_Parenting']
Capable-Bee3423,4,0,4,['Autism_Parenting']
Easternshoremouth,2,0,2,['Autism_Parenting']
iammajorloser,1,0,1,['Autism_Parenting']
Parking_Giraffe_8884,5,0,5,['Autism_Parenting']
cm_cat789,2,0,2,['Autism_Parenting']
TreeEven2890,1,0,1,['Autism_Parenting']
Puzzled_Presence_261,1,0,1,['Autism_Parenting']
SaltandVinegarChyps,1,0,1,['Autism_Parenting']
Significant_Ice_6194,1,0,1,['Autism_Parenting']
Next_Question6724,1,0,1,['Autism_Parenting']
YoungFrisk,1,0,1,['Autism_Parenting']
AREM101,1,0,1,['Autism_Parenting']
Theyreallfckintaken,1,0,1,['Autism_Parenting']
Desigrl05,4,0,4,['Autism_Parenting']
lissa052690,1,0,1,['Autism_Parenting']
Applepie-504,1,0,1,['Autism_Parenting']
OkRefrigerator1185,1,0,1,['Autism_Parenting']
corrin_avatan,1,0,1,['Autism_Parenting']
monkey_feather,1,0,1,['Autism_Parenting']
missjoules,4,0,4,['Autism_Parenting']
lmftbcba,1,0,1,['Autism_Parenting']
democratese,1,0,1,['Autism_Parenting']
scappers12,1,0,1,['Autism_Parenting']
wickanCrow,1,0,1,['Autism_Parenting']
Avint86,3,0,3,['Autism_Parenting']
artificial_l33tener,1,0,1,['Autism_Parenting']
Fluffernutterpie,1,0,1,['Autism_Parenting']
AmongWilderFlowers,1,0,1,['Autism_Parenting']
rolocanc3t,2,0,2,['Autism_Parenting']
alyssa-6636,1,0,1,['Autism_Parenting']
phoneguyfl,1,0,1,['Autism_Parenting']
Sad_Economics86,1,0,1,['Autism_Parenting']
barbigurll,1,0,1,['Autism_Parenting']
Eltrebol77,1,0,1,['Autism_Parenting']
EverywhereIGoHey,1,0,1,['Autism_Parenting']
salamigunn,1,0,1,['Autism_Parenting']
Samanthalynn8915,1,0,1,['Autism_Parenting']
frustrated_avocado,1,0,1,['Autism_Parenting']
Flat-Sky-3205,1,0,1,['Autism_Parenting']
LigmaBunghole,1,0,1,['Autism_Parenting']
Tatgrl78,1,0,1,['Autism_Parenting']
Connect_Diamond_8264,1,0,1,['Autism_Parenting']
No-Definition-7431,1,0,1,['Autism_Parenting']
Minute-Set-4931,1,0,1,['Autism_Parenting']
Aggravating-Fig1846,2,0,2,['Autism_Parenting']
General-Library-9447,1,0,1,['Autism_Parenting']
nanothrowaway9,1,0,1,['Autism_Parenting']
Hendrixxxbae,1,0,1,['Autism_Parenting']
Fatherslush,1,0,1,['Autism_Parenting']
Aggressive-Village-7,1,0,1,['Autism_Parenting']
MyDogOper8sBetrThanU,2,0,2,['Autism_Parenting']
Creative-Trick-7450,1,0,1,['Autism_Parenting']
interstellargoreela,1,0,1,['Autism_Parenting']
mikam1967,2,0,2,['Autism_Parenting']
Juleander,1,0,1,['Autism_Parenting']
Bright_Pomelo_8561,2,0,2,['Autism_Parenting']
scorpy1978,2,0,2,['Autism_Parenting']
smash_pops,3,0,3,['Autism_Parenting']
Accomplished-Back487,1,0,1,['Autism_Parenting']
Y18E20T22,1,0,1,['Autism_Parenting']
ChrisG_spot,1,0,1,['Autism_Parenting']
Tall_latte23,1,0,1,['Autism_Parenting']
Possible-Character98,1,0,1,['Autism_Parenting']
GlazedOverDonut,3,0,3,['Autism_Parenting']
LilWitch1472,1,0,1,['Autism_Parenting']
nadise,2,0,2,['Autism_Parenting']
VintageSleuth,1,0,1,['Autism_Parenting']
Heavy_Reserve7499,1,0,1,['Autism_Parenting']
Numerous_Source6804,1,0,1,['Autism_Parenting']
BrnGogo,1,0,1,['Autism_Parenting']
Neesatay,3,0,3,['Autism_Parenting']
Sakura_Fire,1,0,1,['Autism_Parenting']
simer23,2,0,2,['Autism_Parenting']
ChangeStartsHere,3,0,3,['Autism_Parenting']
mahomie16,1,0,1,['Autism_Parenting']
AMDeNorchia,1,0,1,['Autism_Parenting']
BootybootsfromBoo,1,0,1,['Autism_Parenting']
tropicalmommy,1,0,1,['Autism_Parenting']
brandypayne44,1,0,1,['Autism_Parenting']
Prize-Coast-8759,1,0,1,['Autism_Parenting']
BerniesSurfBoard,1,0,1,['Autism_Parenting']
jwood0087,2,0,2,['Autism_Parenting']
Aggressive_Put5891,3,0,3,['Autism_Parenting']
Ellaytea,1,0,1,['Autism_Parenting']
protoporphyrinogenne,1,0,1,['Autism_Parenting']
Promachus,1,0,1,['Autism_Parenting']
EnvironmentalKale255,1,0,1,['Autism_Parenting']
Upper_War8365,5,0,5,['Autism_Parenting']
rather_bookish,1,0,1,['Autism_Parenting']
Marcus-think,1,0,1,['Autism_Parenting']
1983-baby,3,0,3,['Autism_Parenting']
Alskdj56,1,0,1,['Autism_Parenting']
Quick_Fun_4541,1,0,1,['Autism_Parenting']
Queasy_Education_636,1,0,1,['Autism_Parenting']
No_Ask9080,1,0,1,['Autism_Parenting']
Meruem,1,0,1,['Autism_Parenting']
nice-schmice,1,0,1,['Autism_Parenting']
Subject_Criticism136,2,0,2,['Autism_Parenting']
adamalltogether,1,0,1,['Autism_Parenting']
michiganland,1,0,1,['Autism_Parenting']
udlove09,2,0,2,['Autism_Parenting']
kmk220,1,0,1,['Autism_Parenting']
colorful_withdrawl,2,0,2,['Autism_Parenting']
bpl3ase,2,0,2,['Autism_Parenting']
BoniiiGomzzz,1,0,1,['Autism_Parenting']
eggsrgood95,1,0,1,['Autism_Parenting']
enough-flamingos,2,0,2,['Autism_Parenting']
neficial_Garden_77,1,0,1,['Autism_Parenting']
Craftswithmum,1,0,1,['Autism_Parenting']
irishango,1,0,1,['Autism_Parenting']
Ecstatic-Pea-8647,1,0,1,['Autism_Parenting']
alittleraddish,3,0,3,['Autism_Parenting']
ManFaultGentle,1,0,1,['Autism_Parenting']
Objective_Speaker_87,1,0,1,['Autism_Parenting']
momnum0,2,0,2,['Autism_Parenting']
brightsideoflies,1,0,1,['Autism_Parenting']
alreadybeendown,4,0,4,['Autism_Parenting']
Juicyy56,1,0,1,['Autism_Parenting']
snapchat4snailz,1,0,1,['Autism_Parenting']
Negative-Aide-8806,1,0,1,['Autism_Parenting']
pallysdaughter,2,0,2,['Autism_Parenting']
Aggravating-Tip-8014,3,0,3,['Autism_Parenting']
warmwaterijskoud,1,0,1,['Autism_Parenting']
MamaofMayhem_04,1,0,1,['Autism_Parenting']
BornParsley8194,1,0,1,['Autism_Parenting']
MissTakenID,1,0,1,['Autism_Parenting']
hlebicite,1,0,1,['Autism_Parenting']
Imeanhallieannie,1,0,1,['Autism_Parenting']
__housewifemom,2,0,2,['Autism_Parenting']
drea12278,1,0,1,['Autism_Parenting']
Biscuitteatime,1,0,1,['Autism_Parenting']
eyesRus,3,0,3,['Autism_Parenting']
Cardigan_Wolf,2,0,2,['Autism_Parenting']
Virtual-Roof5757,3,0,3,['Autism_Parenting']
Mindful-Reader1989,3,0,3,['Autism_Parenting']
Extra-Rutabaga2532,1,0,1,['Autism_Parenting']
jenn5388,1,0,1,['Autism_Parenting']
wolpertingersunite,1,0,1,['Autism_Parenting']
hannbanan1011,1,0,1,['Autism_Parenting']
FL-Grl777,5,0,5,['Autism_Parenting']
Distance_Sea,1,0,1,['Autism_Parenting']
MamaLoNCrew,7,0,7,['Autism_Parenting']
Abstract_Logic,1,0,1,['Autism_Parenting']
Icy-Addendum4930,1,0,1,['Autism_Parenting']
Princess_Sukida,1,0,1,['Autism_Parenting']
Tortoiseshell_Blue,1,0,1,['Autism_Parenting']
GetOffMyBridgeQ,1,0,1,['Autism_Parenting']
Noasbigasweejockjock,1,0,1,['Autism_Parenting']
Fenlaf13,1,0,1,['Autism_Parenting']
Master-Resident7775,1,0,1,['Autism_Parenting']
HauntedBitsandBobs,2,0,2,['Autism_Parenting']
ireallylikeladybugs,1,0,1,['Autism_Parenting']
nicjames55,1,0,1,['Autism_Parenting']
lulimay,6,0,6,['Autism_Parenting']
FormerUglyDuckling,3,0,3,['Autism_Parenting']
Mimizworld2017,1,0,1,['Autism_Parenting']
cssndr73,1,0,1,['Autism_Parenting']
Mom-Rip4798,3,0,3,['Autism_Parenting']
Brilliant_Climate_41,4,0,4,['Autism_Parenting']
scorpion_smut,1,0,1,['Autism_Parenting']
SnooDingos316,1,0,1,['Autism_Parenting']
funny_bunny33,2,0,2,['Autism_Parenting']
fernando3981,2,0,2,['Autism_Parenting']
Dangerous_Wing6481,1,0,1,['Autism_Parenting']
Tyler119,1,0,1,['Autism_Parenting']
julers,2,0,2,['Autism_Parenting']
CrossHeather,2,0,2,['Autism_Parenting']
SawWh3t,2,0,2,['Autism_Parenting']
Beneficial_Cry7061,1,0,1,['Autism_Parenting']
PlattWaterIsYummy,3,0,3,['Autism_Parenting']
poptartsqueeza,1,0,1,['Autism_Parenting']
TexasRN1,1,0,1,['Autism_Parenting']
EducationalRing6764,1,0,1,['Autism_Parenting']
infraled,1,0,1,['Autism_Parenting']
jamiscooly,4,0,4,['Autism_Parenting']
1LurkinGurkin,1,0,1,['Autism_Parenting']
DarthOswinTake2,1,0,1,['Autism_Parenting']
JustB510,1,0,1,['Autism_Parenting']
Hglucky13,2,0,2,['Autism_Parenting']
TightSuccotash551,1,0,1,['Autism_Parenting']
Kosmosu,1,0,1,['Autism_Parenting']
letsbreakstuff,1,0,1,['Autism_Parenting']
gr3gw0w,1,0,1,['Autism_Parenting']
Mischievouslmp,1,0,1,['Autism_Parenting']
Haunting_Amoeba_3604,1,0,1,['Autism_Parenting']
word_wench,1,0,1,['Autism_Parenting']
LadyLibner,9,0,9,['Autism_Parenting']
Orangebiscuit234,21,0,21,['Autism_Parenting']
Fast_Bit,1,0,1,['Autism_Parenting']
Sbuxshlee,1,0,1,['Autism_Parenting']
pataoAoC,2,0,2,['Autism_Parenting']
Age_of_Aquarius84,2,0,2,['Autism_Parenting']
Ok_Bus8654,5,0,5,['Autism_Parenting']
mimisiku159,1,0,1,['Autism_Parenting']
andbobsyouruncle2,1,0,1,['Autism_Parenting']
HippieDoula,1,0,1,['Autism_Parenting']
RichardCleveland,4,0,4,['Autism_Parenting']
UW_Ebay,1,0,1,['Autism_Parenting']
Beautiful-Pirate6915,4,0,4,['Autism_Parenting']
TastyButterscotch429,1,0,1,['Autism_Parenting']
thetypingoutlaw,1,0,1,['Autism_Parenting']
Willow_Snow_19,1,0,1,['Autism_Parenting']
Koriwhoredoms,1,0,1,['Autism_Parenting']
mightyjo3,1,0,1,['Autism_Parenting']
CompanywideRateIncr,1,0,1,['Autism_Parenting']
Logical_Albatross481,1,0,1,['Autism_Parenting']
Lumpy_Affect_5675,21,0,21,['Autism_Parenting']
dreahleah,1,0,1,['Autism_Parenting']
bamf64779,2,0,2,['Autism_Parenting']
LuvliLeah13,1,0,1,['Autism_Parenting']
Hannah90219,1,0,1,['Autism_Parenting']
Vegetable_Movie3770,1,0,1,['Autism_Parenting']
sparklebags,1,0,1,['Autism_Parenting']
DarthMom1234,3,0,3,['Autism_Parenting']
Sko0rB,1,0,1,['Autism_Parenting']
chitown13,1,0,1,['Autism_Parenting']
LadyVMom,1,0,1,['Autism_Parenting']
FunnyBunnyDolly,1,0,1,['Autism_Parenting']
echolollipop,2,0,2,['Autism_Parenting']
Thotleesi94,2,0,2,['Autism_Parenting']
NursePepper3x,1,0,1,['Autism_Parenting']
Willowqueen2006,1,0,1,['Autism_Parenting']
theRza2u,1,0,1,['Autism_Parenting']
Jerry_Potters,1,0,1,['Autism_Parenting']
zoinks01990,1,0,1,['Autism_Parenting']
Electrical_Beyond998,1,0,1,['Autism_Parenting']
Kadf19,1,0,1,['Autism_Parenting']
Willing-Sample-5796,1,0,1,['Autism_Parenting']
nutella47,1,0,1,['Autism_Parenting']
pinkydragon9,1,0,1,['Autism_Parenting']
PincheChivo,1,0,1,['Autism_Parenting']
teamrocketing,1,0,1,['Autism_Parenting']
AgeofAdaline23,1,0,1,['Autism_Parenting']
DeepCheeksOG,1,0,1,['Autism_Parenting']
pyjamajack,1,0,1,['Autism_Parenting']
EntertainmentTough56,5,0,5,['Autism_Parenting']
jbr021,1,0,1,['Autism_Parenting']
ScientistNo9367,1,0,1,['Autism_Parenting']
ShoddyCollege9591,2,0,2,['Autism_Parenting']
exclaim_bot,2,0,2,['Autism_Parenting']
SenectaAut,1,0,1,['Autism_Parenting']
katthh,2,0,2,['Autism_Parenting']
Chele11713,1,0,1,['Autism_Parenting']
sarcazm,1,0,1,['Autism_Parenting']
Lovechilddesigns818,1,0,1,['Autism_Parenting']
MandyPandy3,1,0,1,['Autism_Parenting']
SeriousCamp2301,2,0,2,['Autism_Parenting']
headachemami,1,0,1,['Autism_Parenting']
Fearless-Anteater989,1,0,1,['Autism_Parenting']
queenofcatastrophes,3,0,3,['Autism_Parenting']
Honest_Chair_2753,1,0,1,['Autism_Parenting']
WingstoLearning,2,0,2,['Autism_Parenting']
Rainmom66,3,0,3,['Autism_Parenting']
stillfather,1,0,1,['Autism_Parenting']
sassquatch1111,1,0,1,['Autism_Parenting']
BillClintonFeetPics,1,0,1,['Autism_Parenting']
siskosisilisko,1,0,1,['Autism_Parenting']
iamCHIC,1,0,1,['Autism_Parenting']
Inevitable-March2459,1,0,1,['Autism_Parenting']
TreePuzzle,1,0,1,['Autism_Parenting']
mypersonalprivacyact,1,0,1,['Autism_Parenting']
JemAndTheBananagrams,1,0,1,['Autism_Parenting']
tsaramanda,1,0,1,['Autism_Parenting']
GlitteringWeb3330,1,0,1,['Autism_Parenting']
peanut0929,1,0,1,['Autism_Parenting']
Holiday-Garbage-1004,1,0,1,['Autism_Parenting']
crabblue6,2,0,2,['Autism_Parenting']
Munk45,1,0,1,['Autism_Parenting']
Puzzled-Effort-5392,1,0,1,['Autism_Parenting']
kitchnsnkconfession,1,0,1,['Autism_Parenting']
MurderousButterfly,1,0,1,['Autism_Parenting']
Icy-Actuary-5463,2,0,2,['Autism_Parenting']
Acrobatic_Long_6922,1,0,1,['Autism_Parenting']
broccomole10,1,0,1,['Autism_Parenting']
xraysty1e,1,0,1,['Autism_Parenting']
diamante519,1,0,1,['Autism_Parenting']
carolinejay,1,0,1,['Autism_Parenting']
BitchInBoots666,3,0,3,['Autism_Parenting']
TJ_Rowe,4,0,4,['Autism_Parenting']
soygian,1,0,1,['Autism_Parenting']
TacoTuesdaySucks,1,0,1,['Autism_Parenting']
Pretend-Cress-672,1,0,1,['Autism_Parenting']
burpfreely2906,1,0,1,['Autism_Parenting']
uwotm86,1,0,1,['Autism_Parenting']
Supersp00kyghost,1,0,1,['Autism_Parenting']
QuixoticLogophile,1,0,1,['Autism_Parenting']
tarnish3Dx,1,0,1,['Autism_Parenting']
mybrainishollow,1,0,1,['Autism_Parenting']
squirrelgrrl,1,0,1,['Autism_Parenting']
PetalPicklePopsicle,1,0,1,['Autism_Parenting']
CrownBestowed,3,0,3,['Autism_Parenting']
themosthappy89,1,0,1,['Autism_Parenting']
Fantastic_Garbage502,2,0,2,['Autism_Parenting']
mowntandoo,2,0,2,['Autism_Parenting']
meadot01,2,0,2,['Autism_Parenting']
SylviaPellicore,1,0,1,['Autism_Parenting']
mikailovitch,1,0,1,['Autism_Parenting']
Electrical_Parfait64,1,0,1,['Autism_Parenting']
hashtagtotheface,1,0,1,['Autism_Parenting']
runforthehills11,1,0,1,['Autism_Parenting']
weirdhomeschooler,1,0,1,['Autism_Parenting']
Upbeat-Advantage2412,1,0,1,['Autism_Parenting']
Glass_Science8345,1,0,1,['Autism_Parenting']
sharbeautyy,2,0,2,['Autism_Parenting']
RudyNigel,1,0,1,['Autism_Parenting']
MakoTitan,1,0,1,['Autism_Parenting']
oOMaighOo,2,0,2,['Autism_Parenting']
MushuPork24,1,0,1,['Autism_Parenting']
Hollywould9,3,0,3,['Autism_Parenting']
The-Chartreuse-Moose,1,0,1,['Autism_Parenting']
comfy_socks,1,0,1,['Autism_Parenting']
tdinpa,1,0,1,['Autism_Parenting']
TheSunflowerSeeds,1,0,1,['Autism_Parenting']
NightStrolling,1,0,1,['Autism_Parenting']
doublybiguy,1,0,1,['Autism_Parenting']
lumpialarry,4,0,4,['Autism_Parenting']
spookypoprocks,1,0,1,['Autism_Parenting']
earthican-earthican,2,0,2,['Autism_Parenting']
invitelove,1,0,1,['Autism_Parenting']
Elegant_Velvet26,1,0,1,['Autism_Parenting']
ccnbear,2,0,2,['Autism_Parenting']
megsmith9742,1,0,1,['Autism_Parenting']
smallmeade,1,0,1,['Autism_Parenting']
Stefanie_Stefanie,1,0,1,['Autism_Parenting']
M___H,1,0,1,['Autism_Parenting']
Polypanorus,3,0,3,['Autism_Parenting']
PsychologicalLoan739,1,0,1,['Autism_Parenting']
Blue_Watermelon420,1,0,1,['Autism_Parenting']
Helloitsmejuju,1,0,1,['Autism_Parenting']
LPVP77,1,0,1,['Autism_Parenting']
DeliciousConfections,1,0,1,['Autism_Parenting']
jheights89,1,0,1,['Autism_Parenting']
Dxdano,1,0,1,['Autism_Parenting']
the_prim_reaper__,1,0,1,['Autism_Parenting']
rutabagadoctor,1,0,1,['Autism_Parenting']
EZpart3,1,0,1,['Autism_Parenting']
Holy-Beloved,1,0,1,['Autism_Parenting']
TenHagTen,2,0,2,['Autism_Parenting']
mandelaXeffective,1,0,1,['Autism_Parenting']
Secure-Ad1483,1,0,1,['Autism_Parenting']
shesaysforever,1,0,1,['Autism_Parenting']
NetoruNakadashi,1,0,1,['Autism_Parenting']
CupcakesWithSparkles,1,0,1,['Autism_Parenting']
de_Poitiers_energy,2,0,2,['Autism_Parenting']
readytogo481,2,0,2,['Autism_Parenting']
TangerineAncient5523,1,0,1,['Autism_Parenting']
Ron_Bangton,1,0,1,['Autism_Parenting']
mich_mom,1,0,1,['Autism_Parenting']
Xkwizito,1,0,1,['Autism_Parenting']
hufflepuff2627,1,0,1,['Autism_Parenting']
StrongAd7156,1,0,1,['Autism_Parenting']
djfolo,1,0,1,['Autism_Parenting']
Lost4Sauce,1,0,1,['Autism_Parenting']
Mewcury_03,1,0,1,['Autism_Parenting']
Thegalacticmermaid8,1,0,1,['Autism_Parenting']
Mmhopkin,1,0,1,['Autism_Parenting']
TonightZestyclose537,5,0,5,['Autism_Parenting']
kjolesquid,1,0,1,['Autism_Parenting']
erinj1986,2,0,2,['Autism_Parenting']
ErzaKirkland,4,0,4,['Autism_Parenting']
WickedKate420,1,0,1,['Autism_Parenting']
tulipifera8223,2,0,2,['Autism_Parenting']
ladyinbluee,1,0,1,['Autism_Parenting']
Jujubytes,2,0,2,['Autism_Parenting']
bloatedwrinkledmug,1,0,1,['Autism_Parenting']
ChubbiChan,1,0,1,['Autism_Parenting']
smutmulch,1,0,1,['Autism_Parenting']
ConstructionOld1779,1,0,1,['Autism_Parenting']
weowlneededthis,1,0,1,['Autism_Parenting']
Rustymarble,6,0,6,['Autism_Parenting']
Deep-Imagination,1,0,1,['Autism_Parenting']
RN19CA,2,0,2,['Autism_Parenting']
theartofniche,1,0,1,['Autism_Parenting']
SillyLilMeLMAOatU,1,0,1,['Autism_Parenting']
wolfje_the_firewolf,3,0,3,['Autism_Parenting']
DangerousIndication9,1,0,1,['Autism_Parenting']
Smellslikebeef420,1,0,1,['Autism_Parenting']
tuxpuzzle40,2,0,2,['Autism_Parenting']
Chillchillia,1,0,1,['Autism_Parenting']
TrineDenmark,2,0,2,['Autism_Parenting']
Positive_Strain3226,1,0,1,['Autism_Parenting']
Slow-Anywhere-301,1,0,1,['Autism_Parenting']
duggee315,3,0,3,['Autism_Parenting']
favouritemistake,1,0,1,['Autism_Parenting']
Prize_Literature6481,1,0,1,['Autism_Parenting']
CoffeeSh0ku,1,0,1,['Autism_Parenting']
AlternativeBorn6234,1,0,1,['Autism_Parenting']
Longjumping_Test_760,1,0,1,['Autism_Parenting']
bandicootbutt,3,0,3,['Autism_Parenting']
ValentinesGh0st,2,0,2,['Autism_Parenting']
Unlucky-Opposite-565,1,0,1,['Autism_Parenting']
Jungletoast-9941,2,0,2,['Autism_Parenting']
lobsterbandito,1,0,1,['Autism_Parenting']
GullibleAttorney9479,2,0,2,['Autism_Parenting']
SpacedBetween,1,0,1,['Autism_Parenting']
Ibdagreatest,1,0,1,['Autism_Parenting']
Stitch_Nerd,1,0,1,['Autism_Parenting']
Baspholith,1,0,1,['Autism_Parenting']
Some-Ladder-5549,2,0,2,['Autism_Parenting']
vjstylo,1,0,1,['Autism_Parenting']
DruidsGem,1,0,1,['Autism_Parenting']
SunLillyFairy,1,0,1,['Autism_Parenting']
Zestyclose-Owl-7416,1,0,1,['Autism_Parenting']
Antirrhinummajus,1,0,1,['Autism_Parenting']
fenlanddipper,1,0,1,['Autism_Parenting']
Miserable_Garbage_44,3,0,3,['Autism_Parenting']
Brigantia21,1,0,1,['Autism_Parenting']
Alarmed_Discipline21,2,0,2,['Autism_Parenting']
DocMondegreen,2,0,2,['Autism_Parenting']
Noodleski13,2,0,2,['Autism_Parenting']
AdvantageOutrageous8,1,0,1,['Autism_Parenting']
Noinipo12,2,0,2,['Autism_Parenting']
OpenYour0j0s,10,0,10,['Autism_Parenting']
Shady-Pines_Ma,1,0,1,['Autism_Parenting']
Key-Form2677,1,0,1,['Autism_Parenting']
kayyxelle,1,0,1,['Autism_Parenting']
Key_Song116,5,0,5,['Autism_Parenting']
Cathely,1,0,1,['Autism_Parenting']
Mother_of_Kiddens,3,0,3,['Autism_Parenting']
Tempuslily,1,0,1,['Autism_Parenting']
Alisonells,3,0,3,['Autism_Parenting']
Terrible_Presence959,1,0,1,['Autism_Parenting']
crestedgeckovivi,1,0,1,['Autism_Parenting']
Efficient_Salt_8618,6,0,6,['Autism_Parenting']
Many-Willingness3515,1,0,1,['Autism_Parenting']
Abp427,3,0,3,['Autism_Parenting']
twoAsmom,2,0,2,['Autism_Parenting']
lkm56,1,0,1,['Autism_Parenting']
Sunnryz,1,0,1,['Autism_Parenting']
Critical-One-366,4,0,4,['Autism_Parenting']
GroovyGhouley,3,0,3,['Autism_Parenting']
ProudUnderstanding93,2,0,2,['Autism_Parenting']
Minute_Tree3755,1,0,1,['Autism_Parenting']
fiorone,1,0,1,['Autism_Parenting']
meekaboo93,1,0,1,['Autism_Parenting']
Ready_set_glow,1,0,1,['Autism_Parenting']
Accomplished_Wing285,10,0,10,['Autism_Parenting']
MartinaZucchina,2,0,2,['Autism_Parenting']
2FURYD43,1,0,1,['Autism_Parenting']
Such-Concert8238,3,0,3,['Autism_Parenting']
Wonderful_Cable_1832,1,0,1,['Autism_Parenting']
struggleneverends,3,0,3,['Autism_Parenting']
DaisyAnderson,1,0,1,['Autism_Parenting']
Glittering_Crazy6136,1,0,1,['Autism_Parenting']
BisonNaive9771,1,0,1,['Autism_Parenting']
Lanky_Progress4604,3,0,3,['Autism_Parenting']
fiddlemonkey,1,0,1,['Autism_Parenting']
Plorleo,1,0,1,['Autism_Parenting']
Old-Friendship9613,10,0,10,['Autism_Parenting']
wm023,1,0,1,['Autism_Parenting']
ImHereForThePies,2,0,2,['Autism_Parenting']
Strict_Emu5187,1,0,1,['Autism_Parenting']
Healthy-Variation581,1,0,1,['Autism_Parenting']
cleois,1,0,1,['Autism_Parenting']
cmelt2003,1,0,1,['Autism_Parenting']
MedicalHeron6684,1,0,1,['Autism_Parenting']
Goddess_Summer2,1,0,1,['Autism_Parenting']
Far-Perspective-4889,1,0,1,['Autism_Parenting']
Acceptable-Driver566,1,0,1,['Autism_Parenting']
Constant_One_1612,2,0,2,['Autism_Parenting']
ldjwnssddf,2,0,2,['Autism_Parenting']
nudecleaninggirl,1,0,1,['Autism_Parenting']
kellymani,1,0,1,['Autism_Parenting']
Sparkle062510,1,0,1,['Autism_Parenting']
Prettyeyez802023,1,0,1,['Autism_Parenting']
Calm_Ask_7982,1,0,1,['Autism_Parenting']
theebethanyhope,1,0,1,['Autism_Parenting']
Think_Start2135,1,0,1,['Autism_Parenting']
Summer_Arosa,1,0,1,['Autism_Parenting']
Young_Dweezy,1,0,1,['Autism_Parenting']
cmdrbunbun,1,0,1,['Autism_Parenting']
Interesting-Help-421,1,0,1,['Autism_Parenting']
ILoveMyRott,1,0,1,['Autism_Parenting']
Late-Thanks9506,1,0,1,['Autism_Parenting']
StunButton,1,0,1,['Autism_Parenting']
Mad_Zone_,2,0,2,['Autism_Parenting']
ArchiSnap89,1,0,1,['Autism_Parenting']
Educational-Yak-8040,1,0,1,['Autism_Parenting']
marafish34,1,0,1,['Autism_Parenting']
nicedogeetcup,1,0,1,['Autism_Parenting']
KiwiiBeans,2,0,2,['Autism_Parenting']
That_Ad3819,1,0,1,['Autism_Parenting']
ohquesohearmeout,2,0,2,['Autism_Parenting']
kpotta,1,0,1,['Autism_Parenting']
Aggravating-Run2155,1,0,1,['Autism_Parenting']
2hipsi_,1,0,1,['Autism_Parenting']
deftone5,2,0,2,['Autism_Parenting']
Fun-Negotiation5319,2,0,2,['Autism_Parenting']
CreepyAioli3356,1,0,1,['Autism_Parenting']
Professional_Cow9618,1,0,1,['Autism_Parenting']
Eggshmegg1469,3,0,3,['Autism_Parenting']
Busy_Professional824,1,0,1,['Autism_Parenting']
lily_ponder_,1,0,1,['Autism_Parenting']
infiniteninjas,1,0,1,['Autism_Parenting']
justright4smackinSCT,3,0,3,['Autism_Parenting']
MPG54,1,0,1,['Autism_Parenting']
rabidcfish32,1,0,1,['Autism_Parenting']
Vegetable_Wasabi_789,1,0,1,['Autism_Parenting']
Still_Experience_155,1,0,1,['Autism_Parenting']
Brde14,2,0,2,['Autism_Parenting']
wonderwall916,2,0,2,['Autism_Parenting']
AmezillaG,1,0,1,['Autism_Parenting']
thislittlelayf,1,0,1,['Autism_Parenting']
lizzy_pop,1,0,1,['Autism_Parenting']
fieldcady,1,0,1,['Autism_Parenting']
thombombadillo,1,0,1,['Autism_Parenting']
This_Promise8200,5,0,5,['Autism_Parenting']
saltysourjuicy,1,0,1,['Autism_Parenting']
bobowife,1,0,1,['Autism_Parenting']
sukafukazulu,1,0,1,['Autism_Parenting']
RMoysters33,1,0,1,['Autism_Parenting']
cerw,1,0,1,['Autism_Parenting']
Downtown_Trifle_7330,2,0,2,['Autism_Parenting']
Agitated-Zebra-2972,1,0,1,['Autism_Parenting']
Alarming_Sweet7357,1,0,1,['Autism_Parenting']
Ill_Bike_4290,2,0,2,['Autism_Parenting']
Shittered,1,0,1,['Autism_Parenting']
dripdri,1,0,1,['Autism_Parenting']
tizzleduzzle,2,0,2,['Autism_Parenting']
gorcorps,1,0,1,['Autism_Parenting']
Hissssssy,1,0,1,['Autism_Parenting']
Dontamonster,1,0,1,['Autism_Parenting']
sharksiix,1,0,1,['Autism_Parenting']
Ok_Reflection6658,1,0,1,['Autism_Parenting']
tiahara,1,0,1,['Autism_Parenting']
Technical_Tie3210,1,0,1,['Autism_Parenting']
xoitsharperox,4,0,4,['Autism_Parenting']
Squdwrdzmyspritaniml,2,0,2,['Autism_Parenting']
LittleArcticPotato,1,0,1,['Autism_Parenting']
Common_Agent_6839,9,0,9,['Autism_Parenting']
HealthyProperty8434,1,0,1,['Autism_Parenting']
simonlant,2,0,2,['Autism_Parenting']
DjQball,1,0,1,['Autism_Parenting']
IShouldNotPost,1,0,1,['Autism_Parenting']
Dick_in_a_b0x,1,0,1,['Autism_Parenting']
Important_Inside_403,5,0,5,['Autism_Parenting']
Previous-Shoulder-84,3,0,3,['Autism_Parenting']
MamaLovesTwoBoys,3,0,3,['Autism_Parenting']
ficklemetickleme,1,0,1,['Autism_Parenting']
buntypieface,1,0,1,['Autism_Parenting']
Ambitious-Fly1921,1,0,1,['Autism_Parenting']
beagsss123,1,0,1,['Autism_Parenting']
MariaBelk,1,0,1,['Autism_Parenting']
hallucinating,1,0,1,['Autism_Parenting']
Lopsided_Beautiful36,1,0,1,['Autism_Parenting']
smellyshellybelly,3,0,3,['Autism_Parenting']
krustyjugglrs,3,0,3,['Autism_Parenting']
Roehk,1,0,1,['Autism_Parenting']
Skyrizii,1,0,1,['Autism_Parenting']
happyghosst,1,0,1,['Autism_Parenting']
alleycatbiker,1,0,1,['Autism_Parenting']
Away-Wolverine-8756,2,0,2,['Autism_Parenting']
likegolden,1,0,1,['Autism_Parenting']
loufribouche,2,0,2,['Autism_Parenting']
Shashayshanaenae,1,0,1,['Autism_Parenting']
TheeLizzieBee,1,0,1,['Autism_Parenting']
omgitskellyftw,1,0,1,['Autism_Parenting']
Lazy_Resolve_7270,7,0,7,['Autism_Parenting']
jam20204,1,0,1,['Autism_Parenting']
ShirtDisastrous5788,5,0,5,['Autism_Parenting']
llp68,1,0,1,['Autism_Parenting']
boymomma203,1,0,1,['Autism_Parenting']
lyssxa,1,0,1,['Autism_Parenting']
-Ch3xmix-,1,0,1,['Autism_Parenting']
RayvnLunatic,2,0,2,['Autism_Parenting']
Mistyfaith444,2,0,2,['Autism_Parenting']
HopefulPaperFrog,2,0,2,['Autism_Parenting']
riolukyu,1,0,1,['Autism_Parenting']
X25999C,2,0,2,['Autism_Parenting']
Spirited-Ganache7901,2,0,2,['Autism_Parenting']
shantelleargyle,2,0,2,['Autism_Parenting']
maple-shaft,1,0,1,['Autism_Parenting']
RavenBrannigan,1,0,1,['Autism_Parenting']
Treehouse80,1,0,1,['Autism_Parenting']
fidgetbeats,10,0,10,['Autism_Parenting']
Lupkin,1,0,1,['Autism_Parenting']
lalalalands,1,0,1,['Autism_Parenting']
LiveLife7582,1,0,1,['Autism_Parenting']
stumbling_onward,1,0,1,['Autism_Parenting']
Exciting_Number6328,1,0,1,['Autism_Parenting']
Patient_Guess_2654,1,0,1,['Autism_Parenting']
iaregerard,1,0,1,['Autism_Parenting']
Suitable-Pear-7571,1,0,1,['Autism_Parenting']
Platographer,1,0,1,['Autism_Parenting']
Educational-Joke-704,1,0,1,['Autism_Parenting']
WhatIThinkAboutToday,1,0,1,['Autism_Parenting']
KMA_55,1,0,1,['Autism_Parenting']
Euphoric-Contract744,2,0,2,['Autism_Parenting']
TPA-BZN,1,0,1,['Autism_Parenting']
allmycatsaregay,1,0,1,['Autism_Parenting']
proteinforyourproton,1,0,1,['Autism_Parenting']
panjoface,1,0,1,['Autism_Parenting']
shinchunje,2,0,2,['Autism_Parenting']
haydesigner,1,0,1,['Autism_Parenting']
Emotional_Desk5302,4,0,4,['Autism_Parenting']
TheeHostileApostle,1,0,1,['Autism_Parenting']
Heavy_Inspector2823,1,0,1,['Autism_Parenting']
Zealousideal_Pop3314,2,0,2,['Autism_Parenting']
anacarmi,1,0,1,['Autism_Parenting']
AccomplishedPea9079,1,0,1,['Autism_Parenting']
Awkward_Platypus_271,1,0,1,['Autism_Parenting']
Additional-Map-6256,2,0,2,['Autism_Parenting']
udit99,1,0,1,['Autism_Parenting']
JureFlex,1,0,1,['Autism_Parenting']
blueberr8,2,0,2,['Autism_Parenting']
koneko288,1,0,1,['Autism_Parenting']
marshmomma18,1,0,1,['Autism_Parenting']
dsmasters101,1,0,1,['Autism_Parenting']
drcookiephd,1,0,1,['Autism_Parenting']
lankyleper,2,0,2,['Autism_Parenting']
spicyguakaykay,1,0,1,['Autism_Parenting']
Dismal_Celery_325,1,0,1,['Autism_Parenting']
Banzaiburger,1,0,1,['Autism_Parenting']
PugBoatTOOT,2,0,2,['Autism_Parenting']
cherryrose13,1,0,1,['Autism_Parenting']
Momofmonsters2020,2,0,2,['Autism_Parenting']
hazie_view,4,0,4,['Autism_Parenting']
Lazy_Story2046,1,0,1,['Autism_Parenting']
katerdaytraffic,1,0,1,['Autism_Parenting']
ComprehensiveElk9703,1,0,1,['Autism_Parenting']
Big_Black_Cat,1,0,1,['Autism_Parenting']
Rae-May,1,0,1,['Autism_Parenting']
AJmama727,1,0,1,['Autism_Parenting']
tagalong2,1,0,1,['Autism_Parenting']
LadyJane17,1,0,1,['Autism_Parenting']
DragonfruitVivid5298,1,0,1,['Autism_Parenting']
Imaginary-Pie1609,1,0,1,['Autism_Parenting']
Asleep-Walrus-3778,1,0,1,['Autism_Parenting']
LisaChimes,1,0,1,['Autism_Parenting']
seau_de_beurre,1,0,1,['Autism_Parenting']
squidelope,1,0,1,['Autism_Parenting']
pinkunicorn555,1,0,1,['Autism_Parenting']
75Coop,1,0,1,['Autism_Parenting']
woverinejames,1,0,1,['Autism_Parenting']
saundo81,1,0,1,['Autism_Parenting']
Alt4personal,1,0,1,['Autism_Parenting']
Western-Scheme-9572,1,0,1,['Autism_Parenting']
Living_Celebration17,1,0,1,['Autism_Parenting']
Additional-Lime-6216,1,0,1,['Autism_Parenting']
Delicious_Ratio_1479,1,0,1,['Autism_Parenting']
alienwormpig,1,0,1,['Autism_Parenting']
Due_Presentation_800,2,0,2,['Autism_Parenting']
zjivka,1,0,1,['Autism_Parenting']
Mediocre_Bus6676,1,0,1,['Autism_Parenting']
robotdevilhands,1,0,1,['Autism_Parenting']
artistic_waterbender,1,0,1,['Autism_Parenting']
PsychologicalLeg317,1,0,1,['Autism_Parenting']
horsesinthedark,1,0,1,['Autism_Parenting']
DmxSpyD,1,0,1,['Autism_Parenting']
silvercel,1,0,1,['Autism_Parenting']
Psychodelians,1,0,1,['Autism_Parenting']
natty_witch,1,0,1,['Autism_Parenting']
bissextile,1,0,1,['Autism_Parenting']
krnatx,2,0,2,['Autism_Parenting']
No-Committee7986,1,0,1,['Autism_Parenting']
Altruistic_Cap_650,1,0,1,['Autism_Parenting']
Short_Sprinkles_5966,1,0,1,['Autism_Parenting']
stupidsexyflanders74,1,0,1,['Autism_Parenting']
notmyrealname800813,1,0,1,['Autism_Parenting']
Calm-Obligation-7772,1,0,1,['Autism_Parenting']
Creative-Donut-3817,3,0,3,['Autism_Parenting']
misanthrope8,1,0,1,['Autism_Parenting']
Sufficient-Status951,3,0,3,['Autism_Parenting']
Xusydsquid,1,0,1,['Autism_Parenting']
betwhixt,2,0,2,['Autism_Parenting']
Glass-Ad-9528,1,0,1,['Autism_Parenting']
MagdaArmy,1,0,1,['Autism_Parenting']
happethottie,1,0,1,['Autism_Parenting']
Sad-Entrepreneur-403,1,0,1,['Autism_Parenting']
NotAtheorist,1,0,1,['Autism_Parenting']
perceptiverealitay,1,0,1,['Autism_Parenting']
Moist_Field_1502,1,0,1,['Autism_Parenting']
desertbassin69,1,0,1,['Autism_Parenting']
DrNoMadZ,1,0,1,['Autism_Parenting']
Itstimeforbed_yay,1,0,1,['Autism_Parenting']
Kalldaro,2,0,2,['Autism_Parenting']
live_christ13,1,0,1,['Autism_Parenting']
bettybeaux,1,0,1,['Autism_Parenting']
Far-Prune-5343,2,0,2,['Autism_Parenting']
_itskindamything_,1,0,1,['Autism_Parenting']
ArnStarIsKing,2,0,2,['Autism_Parenting']
Spirited_Space_139,1,0,1,['Autism_Parenting']
Misplacedmar,2,0,2,['Autism_Parenting']
aerodynamicvomit,3,0,3,['Autism_Parenting']
Unbelievable-27,2,0,2,['Autism_Parenting']
Excellent-Bike-7316,1,0,1,['Autism_Parenting']
prince_carpenter,1,0,1,['Autism_Parenting']
Gorfoni2,1,0,1,['Autism_Parenting']
deeringc,1,0,1,['Autism_Parenting']
Typical_Lab5616,1,0,1,['Autism_Parenting']
BeefJerkyFan90,1,0,1,['Autism_Parenting']
Massive-Spread8083,1,0,1,['Autism_Parenting']
Pennylick,2,0,2,['Autism_Parenting']
TrueAd3257,1,0,1,['Autism_Parenting']
True_Rabbit7505,3,0,3,['Autism_Parenting']
JackjackattackASD,1,0,1,['Autism_Parenting']
Every1DeservesWater,1,0,1,['Autism_Parenting']
DesignerMom84,1,0,1,['Autism_Parenting']
Hawaii630,2,0,2,['Autism_Parenting']
Easy-Ad-8191,1,0,1,['Autism_Parenting']
Vie_abondante,1,0,1,['Autism_Parenting']
Salp666,3,0,3,['Autism_Parenting']
Ecastlevania,1,0,1,['Autism_Parenting']
newbie04,1,0,1,['Autism_Parenting']
megsnewbrain,2,0,2,['Autism_Parenting']
r000r,2,0,2,['Autism_Parenting']
Necessary_Ad_9012,1,0,1,['Autism_Parenting']
mammaofthewolf,1,0,1,['Autism_Parenting']
hagilbert,1,0,1,['Autism_Parenting']
clowd50,7,0,7,['Autism_Parenting']
Significant-Bike-262,1,0,1,['Autism_Parenting']
pohlilwitchgirl,1,0,1,['Autism_Parenting']
Shesarubikscube,2,0,2,['Autism_Parenting']
210savagesabi,2,0,2,['Autism_Parenting']
Oobi-Boobi-Kenoobi,1,0,1,['Autism_Parenting']
LegendofDad-ALynk404,1,0,1,['Autism_Parenting']
ash-art,1,0,1,['Autism_Parenting']
Lone_star512,1,0,1,['Autism_Parenting']
Intrepid_Pain_3276,1,0,1,['Autism_Parenting']
spaghettislut,2,0,2,['Autism_Parenting']
Icy-Apartment-1085,1,0,1,['Autism_Parenting']
allday_every_day,1,0,1,['Autism_Parenting']
Chunky_Guts,1,0,1,['Autism_Parenting']
Fur_Nurdle_on67,1,0,1,['Autism_Parenting']
Early-Information605,1,0,1,['Autism_Parenting']
Shortycocoa,2,0,2,['Autism_Parenting']
OnionProud7120,1,0,1,['Autism_Parenting']
Mandee_707,1,0,1,['Autism_Parenting']
NefariousnessAny104,2,0,2,['Autism_Parenting']
Anti-Social-Mama,1,0,1,['Autism_Parenting']
Eastern-Painting-664,1,0,1,['Autism_Parenting']
leekels,1,0,1,['Autism_Parenting']
Nan_ic,1,0,1,['Autism_Parenting']
Timely_Boysenberry40,1,0,1,['Autism_Parenting']
Ok_Palpitation_3059,1,0,1,['Autism_Parenting']
New-Cantaloupe7532,1,0,1,['Autism_Parenting']
GoldFlamingo4803,1,0,1,['Autism_Parenting']
Proper-Internet-3240,1,0,1,['Autism_Parenting']
Alert_Airport6854,1,0,1,['Autism_Parenting']
LadyRei7797,1,0,1,['Autism_Parenting']
Ok-Struggle-4361,1,0,1,['Autism_Parenting']
AuroraWolfMelody,1,0,1,['Autism_Parenting']
Otherwise_Tap5061,1,0,1,['Autism_Parenting']
RegretfullyYourz,1,0,1,['Autism_Parenting']
sofiamazingnews,1,0,1,['Autism_Parenting']
EngineCheap4293,1,0,1,['Autism_Parenting']
mevaletuopinion,1,0,1,['Autism_Parenting']
herbal_651_wins,1,0,1,['Autism_Parenting']
pinksultana,1,0,1,['Autism_Parenting']
TheAttunementMethod,1,0,1,['Autism_Parenting']
Winter_soul17,1,0,1,['Autism_Parenting']
Steel7654,1,0,1,['Autism_Parenting']
shadowdog21,2,0,2,['Autism_Parenting']
ComfortableHand705,1,0,1,['Autism_Parenting']
LightEquivalent1032,1,0,1,['Autism_Parenting']
WorkInProgress365,1,0,1,['Autism_Parenting']
stonegye,1,0,1,['Autism_Parenting']
Melloyello1819,1,0,1,['Autism_Parenting']
GhoulieGumDrops,1,0,1,['Autism_Parenting']
RaajaQueenMother,1,0,1,['Autism_Parenting']
enigmawithcharisma,1,0,1,['Autism_Parenting']
karma_5,1,0,1,['Autism_Parenting']
mr_gangstanova,1,0,1,['Autism_Parenting']
DescriptionOdd7253,1,0,1,['Autism_Parenting']
Dull-You9464,1,0,1,['Autism_Parenting']
woundswithwood,1,0,1,['Autism_Parenting']
Accomplished-War6366,1,0,1,['Autism_Parenting']
aeternaldreams,1,0,1,['Autism_Parenting']
mrsmynxxx,1,0,1,['Autism_Parenting']
cosmictroll3993,1,0,1,['Autism_Parenting']
heyimnew2116,1,0,1,['Autism_Parenting']
PersonalityNo3044,1,0,1,['Autism_Parenting']
Greeneyesdontlie85,1,0,1,['Autism_Parenting']
imnotperfectsowhat,1,0,1,['Autism_Parenting']
Tragic_Comic7,1,0,1,['Autism_Parenting']
ZealousidealPlant781,1,0,1,['Autism_Parenting']
Demon13M,1,0,1,['Autism_Parenting']
WhollyPally,1,0,1,['Autism_Parenting']
Lashatumbai,1,0,1,['Autism_Parenting']
Guy-Buddy_Friend,1,0,1,['Autism_Parenting']
ActualBus7946,3,0,3,['Autism_Parenting']
Shackdogg,1,0,1,['Autism_Parenting']
captaincumragx,1,0,1,['Autism_Parenting']
misses_mop,1,0,1,['Autism_Parenting']
Afraid_Till_530,1,0,1,['Autism_Parenting']
milfinthemaking,3,0,3,['Autism_Parenting']
Wonderful-Group-8502,1,0,1,['Autism_Parenting']
Funny_Wolf_452,1,0,1,['Autism_Parenting']
little_duck,1,0,1,['Autism_Parenting']
Particular-Ad-1359,1,0,1,['Autism_Parenting']
FelisChonkus,1,0,1,['Autism_Parenting']
elenfevduvf,2,0,2,['Autism_Parenting']
Round-Hornet236,1,0,1,['Autism_Parenting']
londrakittykat,1,0,1,['Autism_Parenting']
Boostle713,1,0,1,['Autism_Parenting']
hoi_polloi_irl,2,0,2,['Autism_Parenting']
Silvery-Lithium,3,0,3,['Autism_Parenting']
Acceptable_Tailor128,2,0,2,['Autism_Parenting']
Ok_Web4759,1,0,1,['Autism_Parenting']
shanawanawoo,1,0,1,['Autism_Parenting']
Intrepid_Worry_5290,1,0,1,['Autism_Parenting']
Krissy_loo,1,0,1,['Autism_Parenting']
Snoo15632,1,0,1,['Autism_Parenting']
Ashamed-Title6665,1,0,1,['Autism_Parenting']
PaymentDesperate6261,1,0,1,['Autism_Parenting']
tantan526,1,0,1,['Autism_Parenting']
chopstickinsect,1,0,1,['Autism_Parenting']
Forsaken-Asparagus-1,1,0,1,['Autism_Parenting']
RalphWaldoEmers0n,1,0,1,['Autism_Parenting']
EgoDeathTLAT,1,0,1,['Autism_Parenting']
PonderingParrot,1,0,1,['Autism_Parenting']
lucy_in_disguise,1,0,1,['Autism_Parenting']
QueueOfPancakes,1,0,1,['Autism_Parenting']
SubstantialChef6358,1,0,1,['Autism_Parenting']
JustaJackknife,1,0,1,['Autism_Parenting']
YellowSnake9,1,0,1,['Autism_Parenting']
Noraver_Tidaer,1,0,1,['Autism_Parenting']
Sleeper477,1,0,1,['Autism_Parenting']
Preastjames,1,0,1,['Autism_Parenting']
Lets_Make_A_bad_DEAL,1,0,1,['Autism_Parenting']
woobie_slayer,1,0,1,['Autism_Parenting']
elbeeaye,1,0,1,['Autism_Parenting']
Boring_Bird,1,0,1,['Autism_Parenting']
hpxb,1,0,1,['Autism_Parenting']
mrssarashaughn,1,0,1,['Autism_Parenting']
hpxb2019,1,0,1,['Autism_Parenting']
black0o0o,1,0,1,['Autism_Parenting']
vi0l3t-crumbl3,1,0,1,['Autism_Parenting']
AlarmingConfusion800,1,0,1,['Autism_Parenting']
urineisonline,1,0,1,['Autism_Parenting']
Emergency_Side_6218,2,0,2,['Autism_Parenting']
shittyspacesuit,2,0,2,['Autism_Parenting']
sailorautism,1,0,1,['Autism_Parenting']
fallingforeve,1,0,1,['Autism_Parenting']
ApprehensiveBend2483,1,0,1,['Autism_Parenting']
mrsbananabread42,2,0,2,['Autism_Parenting']
coolsnackchris,1,0,1,['Autism_Parenting']
PossiblyMarsupial,2,0,2,['Autism_Parenting']
prometheus3333,1,0,1,['Autism_Parenting']
TheSexCauldron,1,0,1,['Autism_Parenting']
AmberMarie7,3,0,3,['Autism_Parenting']
Vainybangstick,2,0,2,['Autism_Parenting']
nubianqueen1977,1,0,1,['Autism_Parenting']
Typical-Yak54,1,0,1,['Autism_Parenting']
Puzzlehead-5281,1,0,1,['Autism_Parenting']
Mundane_Factor3927,1,0,1,['Autism_Parenting']
Hamster_Key,1,0,1,['Autism_Parenting']
Remarkable_Bid2570,1,0,1,['Autism_Parenting']
CryptographerPlenty4,1,0,1,['Autism_Parenting']
No-Analysis2815,1,0,1,['Autism_Parenting']
ingefaer,1,0,1,['Autism_Parenting']
justsomedude1111,1,0,1,['Autism_Parenting']
Nannydandy,1,0,1,['Autism_Parenting']
Kruegr,2,0,2,['Autism_Parenting']
GabbyCalico,1,0,1,['Autism_Parenting']
WilliamsMS3,1,0,1,['Autism_Parenting']
Shaybae12,1,0,1,['Autism_Parenting']
justixthegreat,1,0,1,['Autism_Parenting']
Kalypso_,1,0,1,['Autism_Parenting']
UnseelieXMyth,1,0,1,['Autism_Parenting']
TransPhattyAcid,1,0,1,['Autism_Parenting']
Few-Acanthisitta7818,1,0,1,['Autism_Parenting']
Artistic-Cycle5001,1,0,1,['Autism_Parenting']
Gwendalenia,1,0,1,['Autism_Parenting']
Anti-blastic-artist,1,0,1,['Autism_Parenting']
jess-quester,2,0,2,['Autism_Parenting']
bogigananai,1,0,1,['Autism_Parenting']
Fearless-Original-15,1,0,1,['Autism_Parenting']
_TheValeyard_,1,0,1,['Autism_Parenting']
jmetaylor,1,0,1,['Autism_Parenting']
MulysaSemp,2,0,2,['Autism_Parenting']
Oakumhead,1,0,1,['Autism_Parenting']
JH171977,1,0,1,['Autism_Parenting']
BeastMachine09,1,0,1,['Autism_Parenting']
isvaraz,1,0,1,['Autism_Parenting']
_nicejewishmom,1,0,1,['Autism_Parenting']
NotoriouslyGeeky,1,0,1,['Autism_Parenting']
cesiasaurus,1,0,1,['Autism_Parenting']
SolomonDRand,1,0,1,['Autism_Parenting']
huybebe2009,1,0,1,['Autism_Parenting']
Choice_Habit5259,1,0,1,['Autism_Parenting']
gines2634,1,0,1,['Autism_Parenting']
Defiant_Bat_4267,2,0,2,['Autism_Parenting']
LavishnessThat232,1,0,1,['Autism_Parenting']
Haunting-Extent-1273,1,0,1,['Autism_Parenting']
Addy_ismore,1,0,1,['Autism_Parenting']
Pleasant_Pause3579,1,0,1,['Autism_Parenting']
Sakurawings,1,0,1,['Autism_Parenting']
mandycandy420,1,0,1,['Autism_Parenting']
Bullxdog34,1,0,1,['Autism_Parenting']
PayFamiliar4175,1,0,1,['Autism_Parenting']
bert08o9,1,0,1,['Autism_Parenting']
EricMee13,1,0,1,['Autism_Parenting']
Has422,1,0,1,['Autism_Parenting']
nevernomoore,1,0,1,['Autism_Parenting']
sweetvalentin3,1,0,1,['Autism_Parenting']
RealityConcernsMe,1,0,1,['Autism_Parenting']
Floridian1109,1,0,1,['Autism_Parenting']
LexTheSouthern,1,0,1,['Autism_Parenting']
Monday_morning_cakel,1,0,1,['Autism_Parenting']
Shadow-in-the-Mist,1,0,1,['Autism_Parenting']
ShamefulHamburger,2,0,2,['Autism_Parenting']
CashComplete6438,1,0,1,['Autism_Parenting']
niknik789,1,0,1,['Autism_Parenting']
strongestmachine,1,0,1,['Autism_Parenting']
ThatOlSquid,1,0,1,['Autism_Parenting']
schmotunes,1,0,1,['Autism_Parenting']
gemirie108,1,0,1,['Autism_Parenting']
Safe-Card-3797,1,0,1,['Autism_Parenting']
funkslic3,1,0,1,['Autism_Parenting']
pegster999,1,0,1,['Autism_Parenting']
Beginning_Let_1846,1,0,1,['Autism_Parenting']
Nickilaughs,1,0,1,['Autism_Parenting']
wherehasthisbeen,1,0,1,['Autism_Parenting']
asunflowerinspace,1,0,1,['Autism_Parenting']
muldurs,1,0,1,['Autism_Parenting']
doubleAAbatteries21,1,0,1,['Autism_Parenting']
FuelFragrant,1,0,1,['Autism_Parenting']
DazKamio,1,0,1,['Autism_Parenting']
No_Atmosphere6934,1,0,1,['Autism_Parenting']
EngelwoodL,2,0,2,['Autism_Parenting']
thatdontmatternone,1,0,1,['Autism_Parenting']
Glass-Papaya-9185,1,0,1,['Autism_Parenting']
kmalon4,1,0,1,['Autism_Parenting']
robotunicorn83,1,0,1,['Autism_Parenting']
Massive-Ear-8140,1,0,1,['Autism_Parenting']
SpecialDirection917,2,0,2,['Autism_Parenting']
Dazzling-Cobbler-307,1,0,1,['Autism_Parenting']
Trauma_Umbrella,2,0,2,['Autism_Parenting']
UnluckyHelicopter231,1,0,1,['Autism_Parenting']
No_Witness_9030,1,0,1,['Autism_Parenting']
axiomofcope,1,0,1,['Autism_Parenting']
TiniMay,1,0,1,['Autism_Parenting']
Fun_Quantity_2909,2,0,2,['Autism_Parenting']
Plastic-Poem7958,1,0,1,['Autism_Parenting']
goldqueen88,1,0,1,['Autism_Parenting']
GildedFlummoxseed,1,0,1,['Autism_Parenting']
North_Butterfly_9039,1,0,1,['Autism_Parenting']
GroundbreakingMud505,1,0,1,['Autism_Parenting']
Emma054,1,0,1,['Autism_Parenting']
06shuu,1,0,1,['Autism_Parenting']
Frankkul,1,0,1,['Autism_Parenting']
AbaloneTimely8269,1,0,1,['Autism_Parenting']
Pokemonosaccharide,1,0,1,['Autism_Parenting']
ChrissyMB77,1,0,1,['Autism_Parenting']
Banned-user007,1,0,1,['Autism_Parenting']
Informal-Will5425,1,0,1,['Autism_Parenting']
Lifefueledbyfire,1,0,1,['Autism_Parenting']
peanutbutterjelly_6,1,0,1,['Autism_Parenting']
Affectionate_Gold864,2,0,2,['Autism_Parenting']
euclidiancandlenut,1,0,1,['Autism_Parenting']
MrMoviePhone,1,0,1,['Autism_Parenting']
Potential-Library186,1,0,1,['Autism_Parenting']
Full-Contest-1942,1,0,1,['Autism_Parenting']
flatpackjack,1,0,1,['Autism_Parenting']
Fair-Reflection-4416,1,0,1,['Autism_Parenting']
snailowner19,1,0,1,['Autism_Parenting']
VisualBusiness4902,2,0,2,['Autism_Parenting']
AuDHDacious,1,0,1,['Autism_Parenting']
craicaday,1,0,1,['Autism_Parenting']
Dangerous_Lake8377,1,0,1,['Autism_Parenting']
frankieknowsnothing,1,0,1,['Autism_Parenting']
Rare-Fall4169,1,0,1,['Autism_Parenting']
bananafono,1,0,1,['Autism_Parenting']
JustGotOffOfTheTrain,1,0,1,['Autism_Parenting']
Superb-Dream524,1,0,1,['Autism_Parenting']
hsahm07,1,0,1,['Autism_Parenting']
Over_Decision_6902,4,0,4,['Autism_Parenting']
Kreative_Minds,1,0,1,['Autism_Parenting']
SoftSir5699,1,0,1,['Autism_Parenting']
Ebspatch,1,0,1,['Autism_Parenting']
GreyWalls86,1,0,1,['Autism_Parenting']
richardson1052,1,0,1,['Autism_Parenting']
bjorkabjork,1,0,1,['Autism_Parenting']
Hotchasity,1,0,1,['Autism_Parenting']
NPETravels,2,0,2,['Autism_Parenting']
PediatricTherapist,2,0,2,['Autism_Parenting']
Distinct-Lettuce-632,1,0,1,['Autism_Parenting']
MellyMalthen,1,0,1,['Autism_Parenting']
MountainPika,1,0,1,['Autism_Parenting']
orangezealous,1,0,1,['Autism_Parenting']
ItsWhiteGucciMane,1,0,1,['Autism_Parenting']
Select_Ad146,1,0,1,['Autism_Parenting']
dodgerbutterfly,1,0,1,['Autism_Parenting']
TheBehaviorTeacher,1,0,1,['Autism_Parenting']
Gluuon,1,0,1,['Autism_Parenting']
Strict_Dog6099,1,0,1,['Autism_Parenting']
AnonymousKitten00,1,0,1,['Autism_Parenting']
Apanda-behr004,1,0,1,['Autism_Parenting']
CliftonHanger13,1,0,1,['Autism_Parenting']
Unruly_Beast,1,0,1,['Autism_Parenting']
Hashtaglibertarian,1,0,1,['Autism_Parenting']
Mickey327-30,1,0,1,['Autism_Parenting']
Lanfeare,1,0,1,['Autism_Parenting']
Spiritual-Bet-1133,1,0,1,['Autism_Parenting']
obliger3,1,0,1,['Autism_Parenting']
Numap,1,0,1,['Autism_Parenting']
Formal_Fix_5190,1,0,1,['Autism_Parenting']
hugabugs66,1,0,1,['Autism_Parenting']
Bubbly-Yesterday-377,1,0,1,['Autism_Parenting']
Meowch3,1,0,1,['Autism_Parenting']
MidnightSuitable33,1,0,1,['Autism_Parenting']
scorpio_moonstone,1,0,1,['Autism_Parenting']
rememberthecat,1,0,1,['Autism_Parenting']
Calm_Criticism_7555,1,0,1,['Autism_Parenting']
Ishua747,1,0,1,['Autism_Parenting']
Dangerous-Summer-567,1,0,1,['Autism_Parenting']
jackchristmas13,2,0,2,['Autism_Parenting']
IReadIt1959,5,0,5,['Autism_Parenting']
athelas_07,1,0,1,['Autism_Parenting']
makeup_wonderlandcat,1,0,1,['Autism_Parenting']
pedrospal,1,0,1,['Autism_Parenting']
Individual_Fail_1265,1,0,1,['Autism_Parenting']
No-Fox9787,1,0,1,['Autism_Parenting']
Serendipitously24,1,0,1,['Autism_Parenting']
SRP317,1,0,1,['Autism_Parenting']
Maleficent-Acadia-24,1,0,1,['Autism_Parenting']
peopledog,1,0,1,['Autism_Parenting']
